0 0.171756 0.564496 0.175845 0.570639 0.181298 0.570639 0.185387 0.564496 0.192475 0.5086 0.187568 0.509828 0.179935 0.505528
0 0.449019 0.909705 0.474646 0.94226 0.490458 0.871007 0.476009 0.855037 0.468375 0.840909
0 0.411941 0.422604 0.408397 0.399263 0.415213 0.391892 0.422301 0.405405 0.421483 0.416462
0 0.219193 0.0835381 0.206925 0.0945946 0.206107 0.113022 0.217285 0.119779 0.222737 0.116708 0.232552 0.103808 0.230371 0.0976658 0.220829 0.100737 0.219193 0.0976658 0.222737 0.0866093
0 0.23855 0.282555 0.236641 0.27027 0.238004 0.264128 0.254635 0.262899 0.264995 0.264128 0.26554 0.27027 0.257361 0.279484
0 0.379498 0.0276413 0.379498 0.02457 0.386314 0.0214988 0.387677 0.0276413
0 0.509815 0.0589681 0.506543 0.0509828 0.511178 0.0479115 0.516085 0.0540541
0 0.603599 0.0509828 0.609324 0.0509828 0.608506 0.0399263 0.603053 0.041769
0 0.432661 0.141278 0.432661 0.124079 0.443021 0.12715 0.443021 0.140049
0 0.548528 0.155405 0.54771 0.144349 0.555344 0.144349 0.556707 0.150491 0.55398 0.158477
0 0.600872 0.0743243 0.602236 0.0669533 0.609324 0.0681818 0.607143 0.0773956
0 0.603053 0.223587 0.603053 0.213145 0.610687 0.214373 0.614776 0.22973 0.607961 0.231572 0.606598 0.22543
0 0.579607 0.264128 0.586423 0.25 0.59133 0.257985 0.583152 0.273342
0 0.715649 0.79914 0.724373 0.763514 0.73337 0.755528 0.763904 0.825553 0.758997 0.869165 0.752726 0.869165 0.75 0.878378
0 0.60578 0.289312 0.603599 0.276413 0.609324 0.269042 0.613959 0.284398 0.609869 0.292383
