0 0.0749727 1 0.0771538 0.97973 0.0730643 0.948403 0.0956925 0.914005 0.104689 0.89742 0.107415 0.907862 0.107415 0.936118 0.105507 0.963759 0.0965104 0.987101 0.0861505 0.998157
0 0 0.681204 0.0100872 0.670147 0.0130862 0.65602 0.00545256 0.643735 0 0.649877
0 0.0144493 0.383907 0.019084 0.378993 0.0253544 0.388821 0.0068157 0.421376 0.000545256 0.415233 0 0.405405
0 0.407034 0.500614 0.407852 0.485258 0.438659 0.486486 0.437296 0.503686
0 0.622955 0.100737 0.622955 0.0933661 0.626499 0.0902948 0.630589 0.0964373 0.62868 0.10258
0 0.530534 0.0761671 0.531897 0.0669533 0.541712 0.0681818 0.540349 0.0804668
0 0.627863 0.208231 0.645038 0.226658 0.654853 0.209459 0.637677 0.192875
0 0.165485 0.159705 0.157852 0.152334 0.157852 0.146192 0.170393 0.125921 0.174482 0.12715 0.180752 0.135135
0 0.395311 0.0681818 0.395311 0.0509828 0.402944 0.036855 0.407852 0.041769 0.411123 0.0479115 0.407852 0.0528256 0.404853 0.0632678 0.398855 0.0700246
0 0.236641 0.295455 0.241276 0.27027 0.251091 0.284398 0.243457 0.304668
