0 0.0370774 0.477273 0.0398037 0.468059 0.0515267 0.45516 0.0537077 0.439803 0.056434 0.439803 0.0667939 0.413391 0.0689749 0.396192 0.0558888 0.388821 0.0406216 0.424447 0.0411668 0.43059 0.0357143 0.435504 0.0338059 0.445946 0.035169 0.45516 0.0302617 0.468059 0.0321701 0.472359
0 0.965376 1 0.956379 0.987101 0.950927 0.954545 0.956379 0.94226 0.948746 0.929975 0.948746 0.917076 0.955562 0.915848 0.96265 0.910934 0.96892 0.912776 0.971647 0.918919 0.973555 0.926904 0.973555 0.948403 0.977099 0.948403 0.981189 0.963759 0.982552 0.97973 0.977099 0.992015 0.976281 1
0 0.453926 0.320025 0.452017 0.304668 0.45747 0.299754 0.476827 0.299754 0.47819 0.316953
0 0.482824 0.146192 0.486369 0.133292 0.493184 0.136364 0.489913 0.149263 0.486369 0.149263
0 0.307797 0.0669533 0.309706 0.0835381 0.29253 0.0933661 0.283533 0.0884521 0.282715 0.0823096 0.290349 0.0761671
0 0.621592 0.203317 0.622955 0.195946 0.635496 0.197174 0.636041 0.202088 0.633315 0.228501 0.624318 0.22543 0.624318 0.214373
0 0.446292 0.0540541 0.452563 0.041769 0.458015 0.0479115 0.452563 0.0571253 0.448473 0.0571253
0 0.473282 0.0307125 0.478735 0.0233415 0.474646 0.0214988 0.471101 0.02457
0 0.667939 0.012285 0.667939 0.0153563 0.669847 0.0153563 0.676118 0.00921376 0.674755 0.00429975 0.671483 0.00307125
0 0.751363 0.036855 0.755453 0.0276413 0.765267 0.0337838 0.763086 0.0436118 0.755453 0.0436118
0 0.896947 0.0792383 0.905943 0.0509828 0.911396 0.0528256 0.914395 0.0589681 0.904035 0.0866093
