0 0.0839695 0.211302 0.0826063 0.200246 0.0883315 0.192875 0.102781 0.195946 0.106052 0.203317 0.104689 0.208231 0.0978735 0.214373
0 0.188386 0.111794 0.190294 0.105651 0.199291 0.0976658 0.200109 0.105651 0.193839 0.113022
0 0.300164 0.0558968 0.299346 0.0356265 0.300709 0.0337838 0.303435 0.0571253
0 0.275354 0.0804668 0.283533 0.0743243 0.287077 0.0804668 0.284079 0.0835381 0.278626 0.0835381
0 0.206925 0.217445 0.211014 0.206388 0.23446 0.200246 0.235278 0.216216 0.229008 0.220516 0.224918 0.214373 0.21374 0.222359
0 0.308342 0.0589681 0.307797 0.036855 0.306161 0.036855 0.304798 0.0571253
0 0.344329 0.0540541 0.348964 0.046683 0.353871 0.0497543 0.349782 0.0571253
0 0.305616 0.109951 0.308342 0.103808 0.315976 0.105651 0.312432 0.111794
0 0.301527 0.0669533 0.304798 0.0620393 0.326336 0.0651106 0.32361 0.0681818
0 0.321429 0.226658 0.326336 0.211302 0.338059 0.223587 0.32361 0.232801
0 0.341603 0.0804668 0.344875 0.0773956 0.347056 0.0792383 0.344329 0.0853808
0 0.56434 0.0964373 0.56434 0.0804668 0.56843 0.0804668 0.56843 0.0964373
0 0.355234 0.0792383 0.355234 0.0743243 0.361505 0.0743243 0.360142 0.0792383
0 0.339967 0.0945946 0.342148 0.0866093 0.344329 0.0884521 0.343511 0.0964373
0 0.378135 0.0995086 0.383588 0.0976658 0.387677 0.0976658 0.388495 0.100737 0.381407 0.108722
0 0.408397 0.0700246 0.408397 0.0632678 0.40976 0.0632678 0.40976 0.0700246
0 0.366957 0.170762 0.368321 0.158477 0.374046 0.152334 0.378135 0.155405 0.378135 0.166462 0.371047 0.170762
0 0.574155 0.0792383 0.576063 0.0730958 0.585878 0.0730958 0.585878 0.0835381 0.579607 0.0804668
0 0.498092 0.179975 0.498909 0.172604 0.508451 0.172604 0.509269 0.183047
0 0.492639 0.0853808 0.492639 0.0773956 0.498909 0.0773956 0.498092 0.0835381
0 0.452563 0.0761671 0.455289 0.0700246 0.458833 0.0730958 0.456652 0.0761671
0 0.477372 0.172604 0.478735 0.16769 0.480098 0.163391 0.487732 0.16769 0.490458 0.170762 0.490458 0.175676 0.486369 0.176904
0 0.528626 0.0700246 0.525627 0.0632678 0.52699 0.0601966 0.531897 0.0601966 0.538168 0.0651106 0.535987 0.0712531
