0 0.389062 0.371759 0.397656 0.341667 0.420312 0.359259 0.410938 0.398611
0 0.558854 0.403704 0.566667 0.397222 0.558854 0.356944 0.551823 0.359259
0 0.0507812 0.0185185 0.0479167 0.0134259 0.05 0.00601852 0.0651042 0.00601852 0.0677083 0.0134259 0.0664062 0.0236111
0 0.0380208 0.0699074 0.0380208 0.0625 0.0458333 0.0611111 0.0614583 0.0787037 0.0572917 0.0916667
0 0.519271 0.825926 0.524219 0.798611 0.527083 0.798611 0.534115 0.806019 0.529167 0.82963
0 0.298438 0.775926 0.295052 0.759722 0.319792 0.74537 0.321094 0.760648
0 0.17474 0.787037 0.178906 0.775926 0.166927 0.756944 0.157812 0.751852 0.154167 0.756944 0.159115 0.768056
0 0.0479167 0.956944 0.0479167 0.936574 0.0479167 0.912963 0.0325521 0.904167 0.028125 0.909259 0.0296875 0.918981 0.0296875 0.936574 0.0231771 0.940741 0.021875 0.948148 0.0317708 0.948148
0 0.21224 0.476389 0.205729 0.466204 0.211458 0.455093 0.220052 0.455093 0.224219 0.463889
0 0.584375 0 0.590885 0.0148148 0.60651 0
