0 0.20747 0.738329 0.20747 0.726044 0.222192 0.665233 0.226827 0.664005 0.235278 0.667076 0.220011 0.740172 0.215104 0.743243 0.210469 0.7414
0 0.246183 0.293612 0.252454 0.27027 0.258724 0.267199 0.269084 0.27027 0.267721 0.279484 0.263359 0.301597 0.259269 0.304668
0 0.442203 0.14742 0.44711 0.140049 0.455289 0.152334 0.454744 0.159705 0.450654 0.163391
0 0.444384 0.359337 0.444384 0.340295 0.450654 0.339066 0.4512 0.360565
0 0.525627 0.155405 0.525082 0.149263 0.529171 0.14742 0.532715 0.155405
0 0.589149 0.208231 0.587786 0.200246 0.592694 0.197174 0.597601 0.200246 0.600327 0.213145
0 0.594057 0.37285 0.603599 0.360565 0.608506 0.366708 0.598146 0.380835
0 0.613413 0.743243 0.611232 0.738329 0.610687 0.719902 0.635496 0.722973 0.636041 0.740172 0.64313 0.764742 0.62868 0.770885 0.617503 0.764742
0 0.443566 0.837838 0.438113 0.828624 0.438113 0.814496 0.442203 0.808354 0.442203 0.79914 0.448473 0.802211 0.452017 0.807125 0.454744 0.805283 0.456652 0.811425 0.452563 0.817568 0.456107 0.833538 0.450654 0.842752
0 0.772083 0.603194 0.774264 0.582924 0.781897 0.590909 0.787895 0.592138 0.786532 0.605037 0.790076 0.621622 0.778353 0.614251
0 0.803162 0.780713 0.806707 0.764742 0.811341 0.766585 0.817067 0.770885 0.816249 0.786855 0.813522 0.811425 0.807252 0.810197 0.805889 0.792998
0 0.0185387 0.0202703 0.0171756 0.0104423 0.0253544 0.00429975 0.0261723 0.012285
