0 0.503544 0.362408 0.509815 0.366708 0.514722 0.363636 0.517448 0.337224 0.513904 0.324939 0.513359 0.316953 0.511178 0.315725 0.508451 0.318796 0.504907 0.33231
0 0.212377 0.848894 0.215921 0.847666 0.215921 0.840909 0.212377 0.840909
0 0.279989 0.665233 0.282715 0.660934 0.284896 0.662162 0.28217 0.667076
0 0.388495 0.861179 0.379498 0.880221 0.367775 0.84398 0.369138 0.836609 0.364231 0.834767 0.360687 0.827396 0.360687 0.811425 0.356598 0.802211 0.360687 0.792998 0.364231 0.802211 0.371865 0.808354 0.375409 0.817568 0.375954 0.824324 0.379498 0.831695
0 0.299346 0.603194 0.285714 0.612408 0.287623 0.61855 0.297983 0.615479
0 0.385769 0.767813 0.396674 0.772727 0.397492 0.853808 0.387132 0.853808
0 0.287077 0.735258 0.287077 0.746314 0.270447 0.737101 0.273719 0.711916 0.285714 0.69656 0.2988 0.722973 0.291712 0.740172
0 0.306979 0.644963 0.293075 0.640663 0.2988 0.612408 0.300709 0.603194 0.310523 0.606265 0.309706 0.615479
0 0.300164 0.665233 0.301527 0.649877 0.306161 0.643735 0.317884 0.654791 0.31952 0.670147 0.317884 0.682432 0.31325 0.685504 0.306161 0.67629
0 0.296619 0.685504 0.303435 0.681204 0.307797 0.684275 0.309706 0.729115 0.305616 0.734029 0.300164 0.732187
