0 0.196615 0.502778 0.204948 0.499074 0.210417 0.510185 0.200781 0.564352 0.194531 0.574074 0.186198 0.572685
0 0.498958 0.881019 0.520833 0.893056 0.502344 0.988889 0.479427 0.974074
0 0.940625 0.149537 0.952865 0.147222 0.961979 0.188889 0.954427 0.186111
0 0.922656 0.15463 0.939063 0.162963 0.959896 0.186111 0.953646 0.2 0.926042 0.172685 0.920573 0.160648
0 0.830208 0.0527778 0.844531 0.0490741 0.84401 0.105556 0.841146 0.105556
0 0.857031 0.131019 0.861719 0.122685 0.850781 0.0944444 0.84401 0.105556
0 0.822396 0.125 0.830729 0.106481 0.849479 0.125 0.840365 0.136111
0 0.8625 0.0810185 0.842448 0.074537 0.842448 0.0907407 0.858333 0.100463
0 0.816406 0.0597222 0.830208 0.0537037 0.832292 0.0662037 0.81849 0.0662037
0 0.819792 0.087963 0.823177 0.0893519 0.823958 0.0944444 0.81849 0.0930556
