0 0.865867 0.866093 0.872137 0.859951 0.881952 0.864251 0.887405 0.918919 0.883315 0.931204 0.885224 0.965602 0.881952 0.965602 0.876227 0.931204 0.870229 0.920762
0 0.864504 0.805283 0.870774 0.807125 0.877045 0.814496 0.878408 0.827396 0.866685 0.867322 0.859869 0.864251 0.854144 0.890663 0.850872 0.883292 0.855507 0.861179 0.854144 0.84398
0 0.443566 0.587838 0.443021 0.579853 0.453381 0.57371 0.453381 0.581695
0 0.0239913 0.251843 0.0144493 0.267199 0.011723 0.275184 0.0130862 0.278256 0.0185387 0.275184 0.0280807 0.259214 0.0267176 0.251843
0 0.0523446 0.427518 0.0496183 0.409091 0.0515267 0.402334 0.0591603 0.396192 0.0605234 0.416462
0 0.237186 0.0448403 0.231734 0.0264128 0.22819 0.00614251 0.229553 0.00429975 0.235823 0.0184275 0.242912 0.0399263 0.240731 0.046683
0 0.296619 0.0479115 0.293075 0.036855 0.305616 0.0214988 0.309706 0.0307125 0.306979 0.0337838
0 0.389858 0.621622 0.39313 0.621622 0.395311 0.615479 0.398037 0.611179 0.393948 0.589066 0.38904 0.589066 0.386314 0.59398 0.384133 0.600123 0.386314 0.603194
0 0.197928 0.223587 0.204744 0.220516 0.204744 0.214373 0.19711 0.217445
0 0.137132 0.331081 0.145583 0.324939 0.146129 0.316953 0.13795 0.323096
0 0.226281 0.211302 0.227644 0.203317 0.235823 0.202088 0.23446 0.209459
0 0.142857 0.173833 0.144766 0.175676 0.148855 0.176904 0.150218 0.166462 0.146947 0.159705 0.143402 0.156634 0.141221 0.158477 0.142039 0.166462
0 0.342966 0.394963 0.347056 0.404177 0.352508 0.401106 0.354689 0.390049 0.352508 0.386978 0.348964 0.380835 0.347056 0.385749
0 0.242912 0.0902948 0.246183 0.0853808 0.235823 0.0436118 0.23446 0.0479115
0 0.113686 0.489558 0.110414 0.489558 0.106052 0.506757 0.108779 0.522113 0.114504 0.515971 0.122137 0.511671 0.119956 0.506757 0.123501 0.497543 0.117775 0.4957
0 0.627317 0.47543 0.630589 0.47543 0.630044 0.489558 0.626499 0.506757 0.636041 0.528256 0.649945 0.542383 0.654853 0.53317 0.65349 0.525184 0.656216 0.525184 0.658124 0.512899 0.6494 0.505528 0.654035 0.500614 0.654035 0.489558 0.6494 0.477273 0.640949 0.483415 0.635496 0.474201 0.630044 0.468059 0.626499 0.474201
0 0.287623 0.272113 0.289804 0.272113 0.291167 0.265971 0.288441 0.251843 0.285714 0.251843 0.284079 0.256143
