0 0.314583 0.434259 0.328385 0.429167 0.331771 0.502778 0.317969 0.501852
0 0.286198 0.44537 0.322917 0.502778 0.320052 0.516204 0.3125 0.523611 0.290365 0.484259 0.284115 0.4625 0.279948 0.453704
0 0.508594 0.841667 0.518229 0.838889 0.518229 0.861111 0.515365 0.869907 0.508594 0.869907 0.507812 0.859722
0 0.183333 0.258796 0.198698 0.263426 0.194531 0.30787 0.186979 0.355556 0.182812 0.355556 0.180729 0.301852
0 0.196615 0.397222 0.207552 0.393519 0.202083 0.344444 0.189583 0.350926
0 0.171094 0.356944 0.191667 0.385185 0.183333 0.403704 0.158594 0.400926 0.15651 0.382407
0 0.164844 0.270833 0.18125 0.258796 0.182812 0.269907 0.167448 0.278241
0 0.160677 0.323611 0.166146 0.319907 0.166927 0.328704 0.163542 0.330093
0 0.210417 0.350926 0.21875 0.321296 0.196615 0.308796 0.188281 0.319907
0 0.0929688 0.508796 0.0971354 0.498148 0.0971354 0.508796 0.0929688 0.515278
