0 0.0019084 0.32801 0.00545256 0.33231 0.0144493 0.329238 0.0253544 0.320025 0.019084 0.301597 0.0068157 0.298526 0 0.301597
0 0.11723 0.918919 0.0965104 0.878378 0.108779 0.884521 0.122683 0.909705
0 0.139313 0.67629 0.178571 0.624693 0.175027 0.621622 0.140676 0.670147
0 0.405671 0.262899 0.408397 0.246929 0.42639 0.257985 0.423664 0.269042 0.420938 0.272113
0 0.625136 0.320025 0.637677 0.304668 0.641767 0.313882 0.630044 0.329238
0 0.579607 0.121007 0.579607 0.109951 0.582334 0.0964373 0.587786 0.10258 0.594057 0.103808 0.593511 0.128993
0 0.000545256 0.662162 0.019084 0.659091 0.035169 0.65172 0.0321701 0.623464 0.0171756 0.628378 0.0087241 0.629607 0 0.635749
0 0.761178 0.351351 0.763904 0.34828 0.773446 0.355651 0.771538 0.363636 0.769357 0.371622 0.764449 0.36855
0 0.791439 0.301597 0.796347 0.295455 0.80807 0.30774 0.80807 0.313882 0.805344 0.316953
0 0.776172 0.251843 0.781897 0.2457 0.787895 0.262899 0.785987 0.269042 0.779716 0.265971
0 0.686478 0.105651 0.691385 0.0853808 0.708015 0.111794 0.707197 0.125921 0.70229 0.136364
0 0.753544 0.617322 0.754089 0.606265 0.761723 0.608108 0.763086 0.617322 0.758451 0.628378
