0 0.258724 0.428747 0.259269 0.412162 0.262814 0.404177 0.28626 0.405405 0.289804 0.413391 0.290349 0.419533 0.285714 0.43059
0 0.356052 0.128993 0.354689 0.113022 0.355234 0.105651 0.356052 0.105651 0.357415 0.114865 0.357961 0.125921
0 0.402944 0.119779 0.405671 0.113022 0.410578 0.113022 0.407034 0.119779
0 0.362868 0.128993 0.362868 0.116708 0.362868 0.10688 0.365049 0.105651 0.365594 0.116708 0.365049 0.12715
0 0.492639 0.133292 0.492639 0.125921 0.49482 0.125921 0.495365 0.133292
0 0.387677 0.140049 0.387677 0.135135 0.357961 0.135135 0.357961 0.138206
0 0.456652 0.153563 0.456652 0.14742 0.459378 0.14742 0.458833 0.153563
0 0.42012 0.200246 0.423664 0.197174 0.432661 0.203317 0.425027 0.208231
0 0.583697 0.140049 0.58506 0.132064 0.592694 0.135135 0.59133 0.140049
0 0.365049 0.163391 0.363686 0.153563 0.356598 0.155405 0.349782 0.158477 0.349782 0.163391 0.356598 0.164619
0 0.468375 0.149263 0.469738 0.144349 0.46374 0.144349 0.461559 0.14742
0 0.304253 0.217445 0.304798 0.20516 0.301527 0.20516 0.29253 0.206388 0.287623 0.213145 0.288441 0.217445 0.294438 0.217445
0 0.500273 0.176904 0.503544 0.173833 0.507088 0.173833 0.507088 0.181818 0.500273 0.183047
0 0.661668 0.14742 0.663032 0.135135 0.665213 0.133292 0.666576 0.133292 0.665758 0.149263
0 0.643675 0.346437 0.648582 0.335995 0.658124 0.366708 0.654035 0.374693 0.642312 0.37285
0 0.649945 0.141278 0.657579 0.132064 0.662486 0.132064 0.660305 0.14742 0.654853 0.144349
0 0.460196 0.396192 0.45747 0.386978 0.456652 0.374693 0.462923 0.357494 0.467012 0.354423 0.471919 0.360565 0.471101 0.375921 0.469738 0.388821
0 0.65976 0.176904 0.662486 0.153563 0.66385 0.153563 0.664395 0.159705 0.665758 0.164619 0.666576 0.170762 0.663032 0.173833
0 0.586423 0.279484 0.583697 0.269042 0.585878 0.261057 0.587786 0.259214 0.59133 0.259214 0.592694 0.278256
