0 0.222737 0.265971 0.233915 0.259214 0.237186 0.299754 0.226281 0.305897
0 0.032988 0.10258 0.0288986 0.10258 0.0261723 0.0915233 0.0302617 0.0884521 0.0316249 0.0853808 0.0515267 0.0773956 0.056434 0.0933661 0.0523446 0.0976658 0.0378953 0.100737
0 0.438113 0.275184 0.442203 0.304668 0.448473 0.30774 0.455289 0.289312 0.453926 0.276413 0.448473 0.276413 0.44711 0.279484 0.444384 0.275184
0 0.661668 0.0915233 0.662486 0.0804668 0.667121 0.0804668 0.669302 0.0835381 0.670665 0.0902948 0.664395 0.100737 0.661123 0.0976658
0 0.88386 0.12285 0.887405 0.113022 0.89422 0.116708 0.900491 0.10258 0.904035 0.10258 0.910851 0.111794 0.912214 0.12715 0.910851 0.140049 0.897764 0.150491 0.896401 0.138206
0 0.999182 0.482187 0.991003 0.489558 0.991003 0.497543 0.995638 0.500614 0.998364 0.497543
0 0.901854 0.679361 0.899128 0.673219 0.902672 0.668305 0.907306 0.665233 0.93157 0.684275 0.934297 0.688575 0.935115 0.693489 0.932933 0.69656 0.928026 0.697789
0 0.781897 0.217445 0.791439 0.226658 0.798255 0.217445 0.791439 0.202088 0.788713 0.200246 0.781897 0.213145
0 0.810796 0.191032 0.81434 0.194103 0.81843 0.184889 0.815703 0.179975
0 0.891494 0.688575 0.888768 0.693489 0.88795 0.704545 0.893675 0.710688 0.897764 0.714988 0.923391 0.702703 0.921756 0.690418 0.910851 0.685504
