0 0.977372 0.849509 0.965104 0.841523 0.964558 0.781327 0.97819 0.787469
0 0.312704 0.809582 0.311341 0.834152 0.350327 0.841523 0.363413 0.82801 0.338877 0.810811
0 0.346238 0.490172 0.357961 0.482187 0.348419 0.433047 0.342148 0.42199 0.338877 0.428133
0 0.475736 0.37285 0.470284 0.383907 0.453926 0.361794 0.4512 0.339066 0.459924 0.349509
0 0.548528 0.311425 0.548528 0.331081 0.566249 0.329853 0.573882 0.315725
0 0.536805 0.272727 0.540894 0.260442 0.560251 0.285012 0.555889 0.291155
0 0.21892 0.14742 0.223555 0.165848 0.245638 0.141278 0.241549 0.138206
0 0.299618 0.288084 0.299618 0.309582 0.276445 0.301597 0.271538 0.289312
0 0.388222 0.218673 0.397764 0.215602 0.409215 0.238943 0.406489 0.252457 0.39831 0.249386 0.39422 0.242015
0 0.312704 0.286241 0.312704 0.301597 0.335333 0.295455 0.337514 0.288084
