0 0.46374 0.624693 0.46783 0.628378 0.471101 0.623464 0.471101 0.608108 0.46783 0.601351 0.464286 0.609337
0 0.507088 0.179975 0.502999 0.161548 0.522356 0.161548 0.526445 0.173833
0 0.429935 0.16769 0.434024 0.16769 0.435387 0.16769 0.431843 0.100737 0.429935 0.0933661 0.427754 0.0915233
0 0.387132 0.360565 0.391221 0.346437 0.400763 0.359337 0.397492 0.36855
0 0.25518 0.433661 0.258724 0.419533 0.268266 0.419533 0.26554 0.433661
0 0.139313 0.452088 0.150218 0.447789 0.150218 0.435504 0.152944 0.418305 0.142857 0.421376 0.141221 0.435504
0 0.349782 0.335995 0.353326 0.323096 0.36205 0.329238 0.359324 0.340295
0 0.164122 0.767813 0.162759 0.752457 0.169575 0.732187 0.174482 0.724816 0.179935 0.724816 0.184024 0.738329 0.188386 0.7414 0.186205 0.751229 0.180752 0.7586 0.182116 0.766585
0 0.306979 0.178747 0.304253 0.173833 0.303435 0.161548 0.304798 0.153563 0.305616 0.149263 0.310523 0.156634 0.310523 0.175676
0 0.166848 0.144349 0.160578 0.150491 0.152399 0.150491 0.146947 0.149263 0.146947 0.14312 0.149673 0.141278 0.152944 0.133292 0.164122 0.135135 0.166303 0.136364
0 0.438659 0.0964373 0.435387 0.0976658 0.433206 0.0964373 0.431843 0.0601966 0.433206 0.0399263 0.434569 0.0399263 0.437296 0.0601966
