0 0.278626 0.503686 0.283533 0.509828 0.288441 0.5086 0.302072 0.458845 0.2988 0.457002 0.295256 0.453931 0.291712 0.452088
0 0.322246 0.183047 0.328244 0.164619 0.339967 0.169533 0.340785 0.175676 0.336696 0.199017 0.328244 0.19226
0 0.46374 0.665233 0.460742 0.640663 0.467012 0.63145 0.476009 0.640663 0.477372 0.646806 0.475463 0.65172 0.475463 0.659091 0.469738 0.671376
0 0.625136 0.657862 0.625682 0.643735 0.637677 0.646806 0.651309 0.65172 0.652672 0.670147 0.655398 0.688575 0.640403 0.690418 0.630044 0.681204 0.629226 0.664005
0 0.809433 0.620393 0.814885 0.59828 0.822519 0.614251 0.827972 0.614251 0.827426 0.626536 0.826609 0.637592 0.822519 0.637592
0 0.832879 0.817568 0.831516 0.796069 0.833424 0.780713 0.839149 0.77887 0.843784 0.785012 0.843239 0.797912 0.839149 0.824324 0.834787 0.820639
0 0.489913 0.286241 0.489913 0.27027 0.491821 0.265971 0.495365 0.264128 0.496183 0.272113 0.496183 0.287469
0 0.633315 0.345209 0.645038 0.33231 0.648582 0.340295 0.636859 0.35258
0 0.498092 0.105651 0.503544 0.0995086 0.509269 0.10258 0.509815 0.108722 0.512541 0.116708 0.505725 0.121007
0 0.638222 0.194103 0.63904 0.186118 0.649945 0.191032 0.6494 0.202088
0 0.577426 0.132064 0.577426 0.124079 0.58506 0.12285 0.585878 0.132064
