0 0.000545256 0.166462 0.0158124 0.163391 0.0177208 0.158477 0.0144493 0.14742 0 0.14742
0 0.109597 0.342138 0.108233 0.323096 0.136587 0.315725 0.14831 0.320025 0.148855 0.329238 0.142039 0.33231
0 0.497546 0.61855 0.508451 0.628378 0.513359 0.590909 0.502181 0.582924
0 0.0627045 0.0712531 0.044711 0.0700246 0.0411668 0.0743243 0.0433479 0.0804668 0.0640676 0.0804668
0 0.665758 0.427518 0.669847 0.433661 0.673391 0.432432 0.679662 0.409091 0.680207 0.394963 0.678299 0.390049 0.673391 0.401106 0.669847 0.405405
0 0.367775 0.296683 0.370502 0.298526 0.37241 0.296683 0.373228 0.282555 0.368321 0.279484
0 0.441658 0.214373 0.444384 0.219287 0.447655 0.220516 0.448473 0.199017 0.44711 0.186118 0.445747 0.184889 0.441658 0.199017
0 0.355234 0.219287 0.361505 0.222359 0.367775 0.214373 0.362868 0.209459
0 0.331788 0.191032 0.329062 0.181818 0.335333 0.181818 0.347056 0.176904 0.351145 0.175676 0.353326 0.179975 0.349782 0.187961 0.341603 0.194103
0 0.353871 0.203317 0.351145 0.206388 0.353326 0.219287 0.356598 0.217445
0 0.738277 0.522113 0.746456 0.520885 0.752181 0.530098 0.754907 0.547297 0.75 0.561425 0.746456 0.559582 0.743184 0.550369 0.742366 0.531941
