0 0.000545256 0.550369 0.0253544 0.512899 0.0294438 0.501843 0.023446 0.489558 0.0136314 0.494472 0.000545256 0.515971
0 0.634133 0.984029 0.630044 0.977887 0.63277 0.968673 0.630589 0.947174 0.636041 0.929975 0.642312 0.904791 0.648582 0.909705 0.654035 0.918919 0.656216 0.928133 0.650763 0.954545 0.645856 0.976658 0.637677 0.977887
0 0.41385 0.587838 0.425573 0.590909 0.429117 0.545455 0.418212 0.542383
0 0.251091 0.242629 0.252454 0.237715 0.255998 0.236486 0.260632 0.254914 0.255998 0.261057
0 0.22819 0.135135 0.23446 0.116708 0.240731 0.116708 0.235278 0.138206
0 0.324155 0 0.326336 0.0214988 0.329062 0.0448403 0.336696 0.0399263 0.333152 0.0153563 0.327699 0
0 0.589149 0.187961 0.592694 0.161548 0.596238 0.14742 0.599509 0.146192 0.600327 0.161548 0.596783 0.189803 0.593511 0.191032
0 0.187023 0.0964373 0.191112 0.0853808 0.19711 0.0902948 0.201472 0.0976658 0.195202 0.103808
0 0.936478 0.213145 0.942475 0.200246 0.951472 0.186118 0.952835 0.187961 0.939749 0.219287
0 0.94193 0.228501 0.939204 0.237715 0.924755 0.222359 0.918484 0.209459 0.920393 0.206388 0.930207 0.211302
0 0.658942 0.284398 0.657579 0.276413 0.66385 0.27027 0.669302 0.281327 0.671483 0.305897 0.665213 0.321867 0.662486 0.321867 0.658124 0.304668
0 0.211832 0.0632678 0.216467 0.0700246 0.218648 0.0773956 0.215104 0.0853808 0.215921 0.0884521 0.212377 0.0915233 0.210469 0.0884521 0.206925 0.0835381 0.20747 0.0773956 0.20747 0.0712531
0 0.923391 0.200246 0.926663 0.191032 0.93566 0.184889 0.95229 0.199017 0.952835 0.209459 0.947383 0.219287 0.932933 0.214373 0.923391 0.208231
0 0.218648 0.117936 0.222737 0.114865 0.227644 0.128993 0.227644 0.135135 0.223555 0.135135
0 0.205562 0.103808 0.211014 0.0884521 0.205562 0.0823096 0.200654 0.0933661
