0 0.511178 0.998157 0.506543 0.973587 0.509815 0.963759 0.518811 0.963759 0.522356 0.974816 0.521538 0.998157
0 0.487186 0.584767 0.490458 0.584767 0.494002 0.581695 0.496728 0.571867 0.496728 0.562654 0.487732 0.558354 0.482824 0.568796
0 0.414667 0.0012285 0.417394 0.0325553 0.412486 0.0325553 0.410578 0
0 0.475463 0.0233415 0.490458 0.0184275 0.493184 0.029484 0.486369 0.0337838 0.476009 0.0356265
0 0.354689 0.150491 0.356052 0.144349 0.348419 0.141278 0.347056 0.149263
0 0.279989 0.216216 0.280807 0.208231 0.273173 0.203317 0.270992 0.216216
0 0.303435 0.0386978 0.306161 0.041769 0.30916 0.0399263 0.309706 0.0356265 0.30916 0.02457 0.306161 0.0202703 0.304798 0.0202703 0.304253 0.0276413
0 0.174482 0.237715 0.176663 0.211302 0.184842 0.208231 0.184842 0.22973
0 0.378135 0.161548 0.381407 0.155405 0.390403 0.163391 0.384133 0.170762
0 0.184024 0.02457 0.182661 0.0104423 0.167666 0.017199 0.16494 0.0214988 0.165485 0.0276413 0.169575 0.029484
0 0.43675 0.310811 0.438659 0.313882 0.442203 0.312654 0.443021 0.293612 0.44084 0.292383 0.437296 0.293612
0 0.213195 0.422604 0.206107 0.421376 0.20747 0.405405 0.215921 0.386978 0.222737 0.399263 0.225463 0.399263 0.226281 0.410319 0.222192 0.421376
