0 0.499455 0.394963 0.509269 0.388821 0.513904 0.404177 0.502181 0.442875 0.487186 0.45516
0 0.504907 0.489558 0.498909 0.485258 0.501636 0.442875 0.511178 0.435504
0 0.542257 0.427518 0.55398 0.421376 0.561069 0.478501 0.549073 0.460074
0 0.696838 0.438575 0.699019 0.438575 0.710742 0.474201 0.704471 0.483415 0.696838 0.464988
0 0.794984 0.390049 0.800981 0.390049 0.807252 0.410319 0.79771 0.415233
0 0.839149 0.416462 0.843784 0.405405 0.850872 0.409091 0.852781 0.433661 0.848691 0.433661
0 0.289804 0.436732 0.291167 0.452088 0.270447 0.463145 0.261996 0.457002
0 0.216467 0.47543 0.206925 0.466216 0.209106 0.43059 0.218648 0.427518
0 0.410578 0.469287 0.417394 0.488329 0.407034 0.509828 0.400218 0.5086 0.397492 0.4914
0 0.445747 0.515971 0.43675 0.525184 0.429117 0.500614 0.431298 0.485258
