0 0.516903 0.0866093 0.520992 0.0902948 0.525627 0.0902948 0.529171 0.0589681 0.527808 0.0307125 0.525627 0.029484 0.523719 0.0307125 0.518266 0.0558968
0 0.998364 0.378993 0.991003 0.366708 0.988822 0.355651 0.992366 0.346437 0.999182 0.360565
0 0.478735 0.585995 0.476009 0.584767 0.475463 0.589066 0.477372 0.592138 0.479553 0.589066
0 0.743184 0.43059 0.74373 0.436732 0.747274 0.441646 0.758451 0.427518 0.758451 0.422604 0.75627 0.418305 0.752181 0.416462
0 0.459378 0.39312 0.466467 0.375921 0.462377 0.369779 0.456107 0.388821
0 0.480916 0.428747 0.496728 0.428747 0.498909 0.444717 0.49482 0.444717 0.496728 0.452088 0.485005 0.460074 0.480098 0.45516
0 0.561614 0.362408 0.567884 0.34828 0.587241 0.390049 0.578244 0.390049
0 0.470556 0.416462 0.46783 0.415233 0.467012 0.422604 0.469738 0.422604
0 0.464286 0.362408 0.467012 0.357494 0.473282 0.351351 0.482824 0.380835 0.482279 0.388821 0.487732 0.409091 0.485005 0.412162 0.4741 0.390049
0 0.504907 0.43059 0.507906 0.415233 0.491821 0.396192 0.487732 0.410319
0 0.496183 0.369779 0.493184 0.369779 0.481461 0.377764 0.483642 0.394963 0.496183 0.391892 0.498909 0.388821
0 0.587786 0.404177 0.571429 0.407248 0.569248 0.402334 0.565158 0.405405 0.55398 0.399263 0.55398 0.390049 0.567067 0.386978 0.570611 0.391892 0.571974 0.386978 0.587786 0.386978
