0 0.119956 0.22543 0.108233 0.236486 0.0970556 0.253071 0.0956925 0.276413 0.11096 0.281327 0.12132 0.278256 0.135769 0.256143 0.13386 0.246929 0.12132 0.246929 0.122683 0.234644
0 0.351145 0.105651 0.351145 0.0964373 0.360142 0.0945946 0.360142 0.105651
0 0.124046 0.606265 0.120502 0.584767 0.152399 0.561425 0.169029 0.558354 0.170938 0.565725 0.155125 0.584767
0 0.396674 0.800983 0.390403 0.791155 0.393948 0.785012 0.391221 0.77457 0.391767 0.766585 0.397492 0.760442 0.400763 0.760442 0.408397 0.777641 0.407034 0.797912
0 0.509269 0.119779 0.515267 0.116708 0.520174 0.125921 0.515267 0.133292
0 0.490458 0.0233415 0.492639 0.0135135 0.504907 0.017199 0.504907 0.0307125
0 0.613959 0.105651 0.613413 0.0976658 0.622955 0.0933661 0.625136 0.0995086
0 0.615594 0.135135 0.614776 0.12715 0.623773 0.12715 0.623773 0.136364
0 0.42012 0.27027 0.42012 0.251843 0.431298 0.251843 0.432661 0.257985 0.432661 0.265971
0 0.56434 0.273342 0.565158 0.256143 0.571429 0.254914 0.574155 0.262899 0.571974 0.276413
0 0.630589 0.360565 0.634133 0.349509 0.640949 0.351351 0.646401 0.369779 0.640949 0.37285 0.636859 0.365479
0 0.609869 0.444717 0.61614 0.422604 0.621592 0.419533 0.623773 0.428747 0.61614 0.452088
0 0.656216 0.670147 0.656216 0.659091 0.665758 0.657862 0.668484 0.664005 0.665213 0.681204
0 0.642312 0.468059 0.640403 0.447789 0.646401 0.442875 0.652126 0.464988 0.647764 0.474201
