0 0.614583 0.0953704 0.617448 0.0990741 0.617448 0.110648 0.597917 0.123611 0.58099 0.128704 0.578125 0.119907 0.585417 0.110648
0 0.665625 0.38287 0.656771 0.400926 0.675 0.435648 0.689583 0.451389 0.692448 0.447685 0.691146 0.426852
0 0.809115 0.618519 0.814844 0.635185 0.836719 0.623611 0.846094 0.613426 0.844792 0.609259 0.83151 0.605556
0 0.999219 0.777778 0.999219 0.793519 0.988281 0.838889 0.984635 0.832407 0.986719 0.806481
0 0.985417 0.959259 0.992708 0.972222 0.970052 0.982407 0.959115 0.983796 0.956771 0.980093
0 0.548177 0.615741 0.545312 0.631481 0.56875 0.641667 0.582552 0.647222 0.584115 0.637963 0.573698 0.630093
0 0.450781 0.8 0.458594 0.819444 0.431771 0.849074 0.413542 0.856944 0.410677 0.847685 0.424479 0.82963
0 0.713542 0.776389 0.711458 0.787037 0.686719 0.768981 0.675781 0.753241 0.677865 0.748148 0.692448 0.756944
0 0.792188 0.636574 0.80026 0.652315 0.782813 0.666204 0.766146 0.672685 0.765365 0.666204 0.775521 0.65463
0 0.477604 0.897222 0.475521 0.9125 0.451562 0.903241 0.439063 0.890741 0.440625 0.88287 0.457292 0.884259
