0 0.0536458 0.88287 0.0466146 0.8625 0.0643229 0.841204 0.0721354 0.863889
0 0.675781 0.365741 0.684115 0.33287 0.665104 0.315278 0.653125 0.34537
0 0.825 0.371759 0.833594 0.368056 0.823698 0.330556 0.817187 0.331944
0 0.7875 0.797222 0.791927 0.771759 0.798958 0.775926 0.794531 0.803241
0 0.563802 0.739352 0.5625 0.726852 0.585938 0.715278 0.588802 0.730556
0 0.446354 0.746759 0.451302 0.739352 0.435156 0.724074 0.428125 0.718056 0.426563 0.725463 0.432292 0.735648
0 0.309896 0.930556 0.316146 0.892593 0.309896 0.883796 0.29349 0.88287 0.292969 0.910185 0.285677 0.915278 0.292187 0.925463
0 0.101823 0.620833 0.096875 0.606019 0.103125 0.598611 0.109635 0.616204
0 0.304948 0.0398148 0.30625 0.0361111 0.310677 0.0273148 0.325521 0.0472222 0.321094 0.0601852
0 0.480469 0.446296 0.476823 0.436111 0.482552 0.425926 0.491667 0.425926 0.493229 0.447222
0 0.227083 0.4375 0.222135 0.419907 0.225521 0.414815 0.236979 0.432407
0 0.0302083 0.19213 0.0325521 0.183333 0.0528646 0.194444 0.05 0.207407 0.0416667 0.219907 0.0338542 0.208333
