0 0.671483 0.907862 0.669302 0.898649 0.670665 0.89742 0.672846 0.898649 0.674755 0.90172 0.675573 0.906634
0 0.477372 0.614251 0.477372 0.589066 0.479553 0.584767 0.489095 0.581695 0.491276 0.597052 0.492639 0.611179
0 0.0847874 0.458845 0.0820611 0.453931 0.0826063 0.444717 0.0970556 0.43059 0.1006 0.435504 0.100055 0.447789
0 0.185387 0.836609 0.206925 0.810197 0.206107 0.802211 0.204744 0.792998 0.202017 0.792998 0.180752 0.807125 0.178571 0.817568 0.179935 0.825553 0.182661 0.830467
0 0.609869 0.783784 0.607143 0.764742 0.612595 0.755528 0.622955 0.757371 0.631407 0.797912 0.62241 0.810197 0.61614 0.796069
0 0.397492 0.287469 0.409215 0.259214 0.400763 0.25 0.396129 0.253071 0.388495 0.272113 0.38904 0.278256
0 0.221374 0.0681818 0.217285 0.0497543 0.226827 0.0479115 0.231734 0.0601966
0 0.383588 0.0214988 0.382225 0.0135135 0.38277 0.00614251 0.398855 0.00737101 0.3994 0.0153563 0.397492 0.0233415
0 0.593511 0.135135 0.591876 0.124079 0.603599 0.121007 0.604417 0.130221
0 0.591876 0.0571253 0.599509 0.0558968 0.599509 0.0479115 0.590513 0.0479115
