0 0.435677 0.0666667 0.442448 0.0666667 0.443229 0.0935185 0.439844 0.106944 0.438281 0.106944 0.436979 0.0972222 0.434896 0.0935185
0 0.657552 0.595833 0.658854 0.59213 0.661719 0.593519 0.661719 0.598611 0.658854 0.599537
0 0.677604 0.664352 0.686458 0.660648 0.686458 0.67037 0.678906 0.673148
0 0.195052 0.0532407 0.198437 0.0787037 0.203385 0.0800926 0.208854 0.0921296 0.211458 0.0898148 0.208073 0.075 0.208854 0.0680556 0.199219 0.0518519
0 0.810937 0.948148 0.81224 0.943056 0.822656 0.946759 0.823958 0.952778 0.821094 0.961574
0 0.75651 0.659722 0.759375 0.633796 0.76276 0.624074 0.772396 0.625463 0.771094 0.633796 0.769531 0.65463 0.766146 0.660648
0 0.708333 0.659722 0.710417 0.658333 0.711198 0.653241 0.709115 0.652315 0.707031 0.656019
0 0.951823 0.63287 0.95026 0.624074 0.953125 0.614352 0.95599 0.612963 0.972396 0.625463 0.973698 0.63287 0.971615 0.643519 0.961458 0.644907
0 0.920052 0.5875 0.922135 0.586111 0.922135 0.581481 0.91875 0.578704 0.917448 0.581481
0 0.919531 0.608333 0.919531 0.612963 0.921615 0.616667 0.923698 0.612963 0.923698 0.609259 0.921615 0.603241
0 0.8 0.194907 0.803385 0.180556 0.810156 0.18287 0.80599 0.2
0 0.865885 0.231481 0.863021 0.213426 0.86849 0.211111 0.873437 0.228241 0.872656 0.23287 0.869271 0.234259
