0 0.441658 0.724816 0.444384 0.729115 0.449019 0.730958 0.449836 0.726044 0.449836 0.711916 0.44711 0.707617 0.443566 0.705774 0.44084 0.718059
0 0.411941 0.100737 0.41385 0.105651 0.417394 0.0995086 0.415213 0.0558968 0.413304 0.0399263 0.411941 0.0386978 0.409215 0.0601966
0 0.491276 0.202088 0.489913 0.181818 0.507906 0.178747 0.509815 0.183047 0.511178 0.192875 0.509815 0.197174
0 0.407034 0.183047 0.414667 0.183047 0.409215 0.0933661 0.405671 0.0964373
0 0.360142 0.409091 0.364231 0.394963 0.374591 0.405405 0.370502 0.418305
0 0.266358 0.187961 0.269084 0.194103 0.272356 0.192875 0.275354 0.184889 0.275354 0.169533 0.272356 0.158477 0.267721 0.158477 0.266358 0.169533
0 0.109597 0.146192 0.111778 0.138206 0.110414 0.130221 0.0924209 0.138206 0.0883315 0.144349 0.0875136 0.150491 0.0937841 0.152334
0 0.0730643 0.522113 0.0793348 0.483415 0.0910578 0.47543 0.0875136 0.512899
0 0.317339 0.378993 0.322246 0.36855 0.332606 0.371622 0.327699 0.386978
0 0.210469 0.4957 0.21374 0.483415 0.224918 0.483415 0.221374 0.498771
0 0.100055 0.904791 0.104144 0.883292 0.113141 0.858108 0.117775 0.859951 0.124046 0.866093 0.128135 0.875307 0.128953 0.880221 0.126227 0.889435 0.118593 0.906634 0.110414 0.907862
