0 0.360938 0.321296 0.36224 0.289352 0.366406 0.284259 0.376042 0.285648 0.37526 0.294444 0.37526 0.316204 0.371094 0.321296 0.365625 0.326389
0 0.415365 0.606944 0.415365 0.602315 0.416667 0.598611 0.427083 0.602315 0.422917 0.61713
0 0.579688 0.971759 0.572656 0.953241 0.586458 0.936111 0.596094 0.953241
0 0.814844 1 0.823958 0.971759 0.83151 0.972685 0.833594 0.976389 0.836198 0.975463 0.841927 0.983796 0.836198 1
0 0.625 0.693056 0.63125 0.687963 0.636198 0.700463 0.628646 0.706481
0 0.55599 0.275926 0.575521 0.287963 0.571354 0.300463 0.564323 0.301852 0.553385 0.293056 0.552604 0.285648
0 0.745833 0.50787 0.750781 0.500463 0.761198 0.518981 0.752865 0.527315
0 0.284115 0.333333 0.28125 0.325926 0.290365 0.322222 0.290365 0.32963
0 0.314583 0.320833 0.315885 0.318519 0.315885 0.313426 0.313021 0.313426 0.3125 0.319907
0 0.970833 0.838889 0.974219 0.827778 0.957812 0.812037 0.950781 0.812963 0.95 0.815278 0.954948 0.824074
0 0.947917 0.125463 0.950781 0.110648 0.957812 0.112963 0.95625 0.127778
0 0.839323 0.0773148 0.840104 0.0638889 0.853906 0.0638889 0.85599 0.075 0.853385 0.0847222
0 0.768229 0.0453704 0.768229 0.0282407 0.782813 0.0222222 0.785417 0.0296296 0.775781 0.037963 0.776563 0.0467593
0 0.835156 0.130556 0.839323 0.119444 0.852604 0.141667 0.848437 0.147685 0.844271 0.142593
0 0.510156 0.75787 0.523438 0.775 0.52474 0.768981 0.51224 0.751389
0 0.706771 0.187963 0.70599 0.172222 0.71276 0.170833 0.716406 0.181944 0.71224 0.190741
