0 0.173177 0.875926 0.179948 0.870833 0.186198 0.890741 0.179427 0.899074
0 0.0674479 0.968056 0.075 0.97037 0.0757812 0.980093 0.0619792 0.989815 0.053125 0.9875 0.053125 0.985185 0.0606771 0.979167
0 0.329167 0.00231481 0.334635 0.0106481 0.341406 0.0037037
0 0.740365 0.934722 0.754948 0.933333 0.759635 0.966667 0.744531 0.965278
0 0.967448 0.828241 0.983333 0.841667 0.976302 0.851389 0.975 0.855093 0.9625 0.853704 0.960417 0.842593 0.955729 0.835185 0.967448 0.835185
0 0.744531 0.403704 0.754167 0.37037 0.757031 0.368056 0.757031 0.361574 0.763281 0.351852 0.764583 0.345833 0.765885 0.34213 0.770052 0.344444 0.769271 0.348148 0.769271 0.37037 0.765885 0.371759 0.765104 0.377778 0.754948 0.410648
0 0.64375 0.172685 0.648698 0.165278 0.658333 0.179167 0.653385 0.1875
0 0.489844 0.372685 0.495312 0.382407 0.483073 0.394907 0.478906 0.393519 0.476042 0.396296 0.471875 0.391204 0.478125 0.386111 0.477344 0.382407
0 0.27526 0.620833 0.279427 0.626852 0.267708 0.652778 0.260677 0.643981
0 0.282031 0.681019 0.27526 0.675926 0.279427 0.659722 0.286198 0.649074 0.29375 0.653704
