0 0.0830729 0.5875 0.0830729 0.571759 0.0885417 0.57037 0.090625 0.589815
0 0.125521 0.906481 0.132552 0.900463 0.140104 0.918519 0.130469 0.927315
0 0.388281 0.938426 0.384115 0.92963 0.384635 0.922222 0.388802 0.9125 0.395833 0.919907 0.395052 0.938426 0.391667 0.934722
0 0.56276 0.828241 0.565625 0.81713 0.570312 0.797685 0.590885 0.81713 0.582812 0.849074
0 0.72474 0.822222 0.733073 0.816204 0.742708 0.859259 0.735156 0.863889
0 0.764844 0.473148 0.76224 0.461111 0.774479 0.448611 0.778646 0.465741
0 0.722135 0.256019 0.735938 0.226389 0.744271 0.235185 0.728906 0.265741
0 0.677865 0.249537 0.680469 0.232407 0.696354 0.231481 0.692969 0.252315
0 0.22526 0.548148 0.227865 0.538426 0.216927 0.521296 0.211458 0.534722
0 0.54375 0.443981 0.526563 0.415741 0.552865 0.376389 0.569271 0.406944
0 0.219531 0.473148 0.219531 0.459722 0.238281 0.459722 0.236979 0.478241
0 0.148438 0.442593 0.147656 0.424074 0.16224 0.416667 0.167187 0.429167 0.156771 0.435185 0.15599 0.442593
