0 0.465104 0.644963 0.459378 0.65602 0.460196 0.665233 0.466467 0.671376 0.469738 0.671376 0.472737 0.664005 0.472737 0.65602 0.469193 0.65172
0 0.724373 0.948403 0.72928 0.953317 0.734188 0.931204 0.728735 0.928133
0 0.574155 0.237715 0.572792 0.246929 0.575518 0.253071 0.57879 0.251843 0.590513 0.22543 0.590513 0.217445 0.593511 0.213145 0.592694 0.208231 0.59133 0.20516 0.587786 0.206388 0.586423 0.214373 0.584515 0.211302
0 0.742366 0.804054 0.741821 0.794226 0.743184 0.788084 0.745911 0.785012 0.76036 0.789926 0.763086 0.800983 0.761178 0.808354 0.758451 0.813268
0 0.890949 0.810197 0.879771 0.794226 0.880589 0.789926 0.881952 0.785012 0.884678 0.77887 0.895038 0.77887 0.899128 0.786855 0.900491 0.794226 0.899673 0.804054 0.895583 0.808354
0 0.982007 0.760442 0.981189 0.764742 0.980643 0.772727 0.992912 0.77457 0.995638 0.769656 0.994275 0.761671
0 0.967557 0.136364 0.96892 0.12715 0.979826 0.14742 0.978462 0.159705
0 0.999182 0.65602 0.997001 0.649877 0.995638 0.632678 0.999182 0.632678
0 0.556707 0.267199 0.554798 0.27027 0.554798 0.279484 0.556161 0.282555 0.578244 0.276413 0.578244 0.269042 0.576881 0.262899
0 0.908124 0.253071 0.912214 0.2457 0.917121 0.242629 0.927481 0.256143 0.926663 0.262899 0.924755 0.262899 0.919847 0.275184 0.915758 0.272113 0.912214 0.27027 0.909487 0.262899
