0 0.509815 0.984029 0.509269 0.965602 0.515267 0.953317 0.526445 0.968673 0.518811 0.992015
0 0.4741 0.822482 0.481461 0.800983 0.483642 0.828624 0.47819 0.825553
0 0.423664 0.421376 0.422846 0.410319 0.4512 0.402334 0.4512 0.415233
0 0.452017 0.179975 0.458015 0.172604 0.46374 0.161548 0.470556 0.16769 0.478735 0.172604 0.468375 0.195946 0.456652 0.189803
0 0.169029 0.248771 0.156489 0.232801 0.157852 0.223587 0.163304 0.220516 0.177208 0.236486 0.174482 0.243857
0 0.299346 0 0.296619 0.017199 0.300164 0.0202703 0.304798 0.0184275 0.306979 0
0 0.438659 0 0.438659 0.00307125 0.445747 0.00429975 0.446292 0
0 0.655398 0.261057 0.635496 0.222359 0.640403 0.209459 0.6494 0.202088 0.667939 0.237715 0.667939 0.246929
0 0.769357 0.538084 0.774264 0.527027 0.793621 0.55344 0.787895 0.565725
0 0.757634 0.472359 0.753544 0.447789 0.758451 0.447789 0.765812 0.449017 0.77072 0.47113 0.76663 0.478501
0 0.667939 0.581695 0.669302 0.567568 0.674755 0.564496 0.689204 0.582924 0.685932 0.59828 0.678299 0.603194
