0 0.957743 0.931204 0.95229 0.92199 0.940567 0.915848 0.926118 0.883292 0.928026 0.874079 0.918484 0.863022 0.91494 0.845823 0.933479 0.836609 0.939204 0.842752 0.94602 0.853808 0.945474 0.871007 0.950927 0.872236 0.960469 0.889435 0.959924 0.915848 0.96265 0.926904
0 0.365049 0.186118 0.369138 0.173833 0.378135 0.175676 0.374591 0.186118
0 0.763904 0.25 0.767176 0.22973 0.770174 0.228501 0.772083 0.231572 0.767176 0.256143
0 0.426936 0.469287 0.42639 0.45516 0.447655 0.449017 0.449836 0.463145
0 0.518266 0.223587 0.517448 0.213145 0.518811 0.211302 0.520992 0.213145 0.521538 0.22543
0 0.287623 0.313882 0.287077 0.296683 0.274537 0.298526 0.264177 0.30774 0.263359 0.320025 0.273173 0.320025
0 0.590513 0.231572 0.586423 0.222359 0.594057 0.216216 0.596238 0.222359
0 0.654853 0.237715 0.662486 0.237715 0.662486 0.228501 0.656761 0.226658 0.655398 0.22973
0 0.577426 0.377764 0.578244 0.366708 0.576881 0.351351 0.567884 0.35258 0.567067 0.355651 0.570611 0.37285
0 0.44711 0.334152 0.449019 0.324939 0.456107 0.324939 0.452563 0.339066
0 0 0.667076 0.00408942 0.667076 0.0068157 0.659091 0.019084 0.646806 0.0199019 0.638821 0.023446 0.632678 0.0406216 0.595209 0.0357143 0.584767 0.0239913 0.589066 0.00954198 0.61855 0.00954198 0.624693 0.00545256 0.629607 0 0.652948
0 0.28217 0.208231 0.280807 0.186118 0.280807 0.172604 0.281352 0.169533 0.283533 0.183047 0.28626 0.20516
0 0.699564 0.197174 0.699019 0.186118 0.714286 0.189803 0.714286 0.197174
0 0.643675 0.187961 0.641767 0.181818 0.6494 0.173833 0.654853 0.175676 0.660305 0.187961 0.651309 0.192875
0 0.295256 0.208231 0.294438 0.192875 0.294438 0.175676 0.295802 0.173833 0.300164 0.189803 0.302072 0.208231 0.297983 0.211302
0 0.429117 0.253071 0.431298 0.256143 0.438113 0.253071 0.435387 0.25
0 0.415213 0.265971 0.421483 0.27027 0.416031 0.279484 0.411941 0.275184
0 0.281352 0.226658 0.283533 0.219287 0.339967 0.220516 0.339422 0.228501
