0 0.335156 0.145833 0.352604 0.132407 0.35599 0.147222 0.347656 0.159259 0.338802 0.153241
0 0.229687 0.246296 0.246354 0.243981 0.247656 0.256019 0.229687 0.258796
0 0.69349 0.238889 0.708073 0.238889 0.709375 0.25 0.696875 0.249074
0 0.60026 0.172685 0.619531 0.179167 0.617448 0.1875 0.602344 0.182407
0 0.430469 0.531019 0.458073 0.526389 0.45599 0.538426 0.431771 0.543519
0 0.0695313 0.517593 0.0791667 0.5125 0.0828125 0.525 0.0703125 0.527315
0 0.0846354 0.412037 0.0903646 0.412037 0.0908854 0.425463 0.0875 0.431481 0.0841146 0.425463
0 0.63125 0.934722 0.636979 0.930093 0.640365 0.937037 0.638802 0.964352 0.632812 0.961574 0.627083 0.951852
0 0.701823 0.574074 0.719792 0.574074 0.723177 0.583796 0.701042 0.583796
0 0.609375 0.229167 0.615365 0.243981 0.611979 0.249074 0.609896 0.247685 0.607292 0.236574
0 0.473958 0.110185 0.476823 0.110185 0.478906 0.133333 0.47526 0.134722
0 0.25599 0.164352 0.259375 0.172685 0.25651 0.176389 0.252344 0.168056
