0 0 0.544226 0.0130862 0.538084 0.0136314 0.528256 0.011723 0.522113 0.00736096 0.515971 0.00408942 0.523956 0 0.523956
0 0.579607 0.561425 0.589967 0.562654 0.59133 0.556511 0.580971 0.55344
0 0.513359 0.550369 0.516903 0.551597 0.520174 0.55344 0.523719 0.544226 0.522356 0.522113 0.519629 0.519042 0.511178 0.520885 0.511178 0.525184
0 0.486369 0.339066 0.485823 0.33231 0.486369 0.326167 0.492639 0.321867 0.496183 0.326167 0.497546 0.334152 0.495365 0.342138 0.492639 0.342138
0 0.473282 0.0792383 0.472737 0.0712531 0.48446 0.0632678 0.487186 0.0700246 0.481461 0.0724816
0 0.253272 0.130221 0.251091 0.12285 0.242912 0.125921 0.239913 0.132064 0.240731 0.133292 0.244275 0.135135
0 0.343511 0.114865 0.346238 0.114865 0.347056 0.109951 0.344875 0.100737 0.342966 0.10258 0.342966 0.109951
0 0.247546 0.234644 0.248364 0.220516 0.25518 0.214373 0.254635 0.228501
0 0.0460742 0.27027 0.0460742 0.261057 0.0572519 0.2457 0.0613413 0.248771 0.0627045 0.259214 0.0537077 0.272113
0 0.42639 0.0601966 0.425573 0.0399263 0.425573 0.0276413 0.42639 0.0276413 0.429935 0.041769 0.43048 0.0589681 0.429117 0.0620393
0 0.425027 0.0915233 0.429935 0.0902948 0.425573 0.0620393 0.422301 0.0669533
0 0.320065 0.206388 0.320883 0.200246 0.326336 0.199017 0.326336 0.20516
0 0.376772 0.161548 0.378135 0.153563 0.384133 0.153563 0.38277 0.159705
0 0.274537 0.318796 0.273719 0.309582 0.276718 0.298526 0.280807 0.292383 0.282715 0.299754 0.28626 0.299754 0.28626 0.309582 0.280807 0.316953
0 0.400218 0.161548 0.401581 0.156634 0.408397 0.156634 0.405671 0.161548
0 0.835605 0.640663 0.839695 0.61855 0.836423 0.59828 0.848691 0.597052 0.881134 0.644963 0.879771 0.662162 0.88386 0.670147 0.886041 0.682432 0.878408 0.701474 0.868048 0.702703 0.850055 0.678133
