0 0.597601 0.486486 0.609869 0.501843 0.598964 0.539312 0.586423 0.522113
0 0.458833 0.620393 0.460742 0.652948 0.440294 0.644963 0.446292 0.624693
0 0.461559 0.363636 0.485823 0.355651 0.525627 0.345209 0.52699 0.536241 0.509815 0.538084 0.489913 0.530098 0.481461 0.514742 0.478735 0.515971 0.459378 0.512899 0.4512 0.438575
0 0.406216 0.5086 0.404308 0.530098 0.371865 0.523956 0.351963 0.505528 0.351963 0.494472 0.374046 0.497543
0 0.276718 0.469287 0.295256 0.469287 0.290349 0.419533 0.270992 0.410319
0 0.2241 0.176904 0.21783 0.189803 0.219193 0.213145 0.253817 0.228501 0.270447 0.220516 0.290349 0.228501 0.291167 0.213145 0.272356 0.208231
0 0.321429 0.355651 0.287623 0.305897 0.287077 0.265971 0.306979 0.265971 0.30916 0.228501 0.331243 0.240786 0.339967 0.276413 0.335878 0.324939
0 0.299346 0.173833 0.288986 0.172604 0.284896 0.179975 0.291712 0.234644 0.304798 0.261057 0.306979 0.232801
0 0.478735 0.309582 0.475463 0.331081 0.444929 0.310811 0.43048 0.287469 0.432661 0.273342 0.443566 0.275184
0 0.461559 0.124079 0.468375 0.141278 0.444384 0.183047 0.43048 0.189803 0.428571 0.183047 0.437296 0.161548
0 0.507906 0.254914 0.509269 0.265971 0.504907 0.279484 0.474646 0.273342 0.473282 0.264128 0.45747 0.254914 0.458015 0.239558 0.477372 0.25 0.487732 0.240786
0 0.404308 0.223587 0.396674 0.228501 0.3994 0.248771 0.435932 0.272113 0.440294 0.269042 0.453381 0.276413 0.456652 0.261057 0.440294 0.248771 0.435932 0.237715 0.40976 0.222359
0 0.397492 0.290541 0.407852 0.302826 0.408397 0.310811 0.39313 0.36855 0.380862 0.355651
0 0.306161 0.0651106 0.289804 0.14742 0.304798 0.163391 0.313795 0.10258 0.314613 0.0761671
0 0.339422 0.155405 0.30916 0.155405 0.302072 0.103808 0.32361 0.111794
0 0.317339 0.223587 0.301527 0.219287 0.303435 0.161548 0.320065 0.156634
0 0.383588 0.284398 0.375409 0.302826 0.351963 0.284398 0.338604 0.265971 0.339422 0.254914 0.361505 0.267199
0 0.379498 0.226658 0.380044 0.262899 0.351145 0.261057 0.336696 0.257985 0.335333 0.25 0.350327 0.234644
0 0.338604 0.179975 0.361505 0.208231 0.357961 0.232801 0.339967 0.217445
