0 0.417448 0.788889 0.429948 0.788889 0.431771 0.863426 0.417969 0.863426
0 0.4125 0.889352 0.421615 0.870833 0.38776 0.80463 0.382292 0.810648 0.389062 0.836574
0 0.258073 0.75787 0.28151 0.766667 0.286198 0.760648 0.29375 0.743519 0.27526 0.7125 0.259375 0.734722
0 0.28776 0.615741 0.301563 0.615741 0.299479 0.6625 0.291146 0.711574 0.284896 0.708796 0.282813 0.663426
0 0.311198 0.701852 0.322917 0.678241 0.301563 0.666204 0.29375 0.678241
0 0.298698 0.753241 0.304948 0.75463 0.311198 0.749537 0.303646 0.700463 0.29375 0.705556
0 0.268229 0.624537 0.284115 0.612037 0.28776 0.621759 0.269792 0.631481
0 0.264062 0.674537 0.270313 0.674537 0.269792 0.685648 0.263542 0.681944
0 0.583594 0.304167 0.594792 0.304167 0.595573 0.319907 0.591406 0.338426 0.580208 0.337037 0.576823 0.326389 0.577604 0.318981
0 0.197135 0.858796 0.195833 0.868519 0.191146 0.861111 0.19375 0.855093
