0 0.576881 0.820639 0.570611 0.825553 0.565158 0.822482 0.563795 0.808354 0.56434 0.760442 0.566521 0.752457 0.567067 0.72113 0.571429 0.72113 0.573337 0.752457 0.576063 0.761671
0 0.233915 0.323096 0.236641 0.335995 0.229008 0.345209 0.225463 0.337224 0.217285 0.349509 0.209651 0.354423 0.20747 0.354423 0.205562 0.34828 0.20747 0.345209 0.208288 0.337224 0.217285 0.329238
0 0.577426 0.788084 0.581516 0.797912 0.588604 0.794226 0.593511 0.77457 0.589967 0.766585 0.593511 0.751229 0.59133 0.744472 0.587241 0.744472 0.585878 0.760442 0.580971 0.761671
0 0.0501636 0.302826 0.0496183 0.309582 0.056434 0.310811 0.0689749 0.298526 0.0689749 0.290541
0 0.590513 0.839681 0.593511 0.861179 0.596238 0.878378 0.611232 0.893735 0.630044 0.864251 0.63904 0.861179 0.64313 0.845823 0.636041 0.833538 0.635496 0.820639 0.627863 0.804054 0.625136 0.789926 0.621592 0.77887 0.613959 0.777641 0.609324 0.767813 0.59542 0.769656 0.578244 0.767813 0.5747 0.792998
0 0.278626 0.248771 0.281352 0.246929 0.284896 0.242629 0.280807 0.220516 0.273173 0.203317 0.270992 0.20516 0.273173 0.22543
0 0.0632497 0.163391 0.0613413 0.170762 0.0806979 0.169533 0.07988 0.159705 0.0744275 0.158477
0 0.0916031 0.0976658 0.0924209 0.0866093 0.102781 0.0853808 0.106052 0.0884521 0.102781 0.0933661
0 0.149673 0.0448403 0.148855 0.0386978 0.157852 0.0356265 0.159215 0.0399263
0 0.294438 0.0712531 0.29253 0.0589681 0.290349 0.0448403 0.294438 0.0399263 0.297983 0.0558968 0.300709 0.0681818
0 0.170938 0.149263 0.167666 0.136364 0.168212 0.130221 0.171756 0.132064 0.175027 0.146192
0 0.215921 0.0835381 0.226827 0.0773956 0.231734 0.0884521 0.223555 0.0976658
0 0.229553 0.0651106 0.237186 0.0632678 0.247001 0.0540541 0.249727 0.0620393 0.233915 0.0761671
