0 0.0288986 0.375921 0.0275354 0.37285 0.0280807 0.362408 0.0357143 0.34828 0.0411668 0.346437 0.0433479 0.349509 0.0433479 0.354423 0.0343511 0.369779
0 0.232552 0.312654 0.232552 0.296683 0.239368 0.293612 0.238004 0.304668
0 0.262814 0.385749 0.259269 0.377764 0.264995 0.362408 0.267721 0.36855 0.27181 0.36855 0.27181 0.375921
0 0.223555 0.217445 0.225463 0.209459 0.233915 0.203317 0.235278 0.20516 0.235278 0.209459 0.226281 0.216216
0 0.561069 0.571867 0.561069 0.561425 0.5747 0.565725 0.574155 0.57371
0 0.810796 0.576781 0.809978 0.590909 0.804526 0.608108 0.821156 0.635749 0.833424 0.652948 0.843784 0.662162 0.849509 0.652948 0.856325 0.637592 0.853599 0.624693 0.848691 0.617322 0.850055 0.605037 0.822519 0.567568 0.813522 0.564496 0.804526 0.570639
0 0.49482 0.555283 0.498092 0.544226 0.502999 0.539312 0.507906 0.545455 0.507906 0.567568 0.506543 0.57371 0.503544 0.574939 0.498909 0.57371 0.498909 0.559582
0 0.407034 0.125921 0.404853 0.12285 0.404853 0.108722 0.404308 0.0902948 0.406216 0.0884521 0.408397 0.103808 0.409215 0.124079
0 0.452017 0.130221 0.453381 0.135135 0.464286 0.12715 0.461559 0.12285
0 0.468375 0.374693 0.468375 0.366708 0.475463 0.360565 0.479553 0.369779 0.477372 0.380835 0.473282 0.378993
0 0.326336 0.184889 0.324973 0.178747 0.325518 0.173833 0.327699 0.176904 0.328244 0.184889
0 0.30289 0.273342 0.303435 0.267199 0.310523 0.265971 0.310523 0.272113
0 0.428571 0.267199 0.428571 0.251843 0.431843 0.248771 0.432661 0.264128
0 0.359324 0.22543 0.359324 0.219287 0.365594 0.216216 0.365594 0.222359
0 0.382225 0.220516 0.384133 0.216216 0.38904 0.216216 0.387677 0.220516
0 0.404853 0.153563 0.408397 0.153563 0.404853 0.12715 0.402944 0.128993
