0 0.320883 0.589066 0.322246 0.574939 0.331788 0.584767 0.329062 0.601351
0 0.4741 0.441646 0.47819 0.435504 0.480098 0.439803 0.483642 0.463145 0.480916 0.466216 0.476009 0.463145
0 0.316521 0.561425 0.316521 0.551597 0.316521 0.544226 0.331788 0.530098 0.337241 0.538084 0.337241 0.542383 0.334515 0.548526
0 0.2241 0.565725 0.223555 0.55344 0.232552 0.545455 0.23446 0.559582
0 0.235823 0.500614 0.240731 0.511671 0.230371 0.545455 0.223555 0.53317
0 0.0662486 0.452088 0.0722465 0.442875 0.0717012 0.433661 0.0662486 0.438575
0 0.105507 0.0153563 0.1006 0.02457 0.0943293 0.012285 0.0896947 0 0.0943293 0.0012285 0.0984188 0.00614251
0 0.0149945 0.416462 0.023446 0.425676 0.0294438 0.410319 0.0239913 0.404177 0.019084 0.407248
0 0.139313 0.460074 0.140676 0.468059 0.145583 0.472359 0.155943 0.452088 0.155943 0.445946 0.152944 0.442875 0.149673 0.442875
0 0.126227 0.383907 0.135769 0.383907 0.14422 0.346437 0.136587 0.34828 0.130862 0.357494
