0 0.792188 0.177778 0.801042 0.186111 0.805208 0.176389 0.79974 0.166667 0.796875 0.165278 0.792188 0.172685
0 0.848698 0 0.852865 0.0194444 0.880469 0.0217593 0.872135 0
0 0.599479 0.0328704 0.603125 0.0342593 0.605208 0.0305556 0.608594 0.0194444 0.603646 0.0171296 0.598177 0.0268519 0.60026 0.0282407
0 0.27526 0.255093 0.279427 0.259722 0.285677 0.255093 0.284896 0.243981 0.282031 0.242593 0.277865 0.24537
0 0.616927 0.0305556 0.61901 0.0268519 0.620313 0.0291667 0.623177 0.0291667 0.61901 0.0231481 0.621615 0.0208333 0.614062 0.0134259 0.607812 0.0180556
0 0.532031 0.583796 0.535417 0.572685 0.542969 0.576389 0.549219 0.580093 0.545052 0.594907
0 0.796875 0.796296 0.805208 0.7875 0.819792 0.808333 0.81224 0.819444
0 0.849479 0.598611 0.854167 0.593519 0.857812 0.575463 0.854167 0.574074 0.850781 0.574074 0.846615 0.588889
0 0.983333 0.383796 0.989583 0.389815 0.990885 0.396296 0.979948 0.412037 0.977865 0.406019 0.974219 0.410648 0.972135 0.406944 0.976302 0.4 0.974219 0.396296
0 0.865365 0.597222 0.863281 0.606019 0.864583 0.619444 0.867969 0.621759 0.870833 0.615741 0.870833 0.609722 0.870052 0.600926
0 0.749479 0.840278 0.753385 0.85 0.757031 0.846296 0.764583 0.829167 0.7625 0.826852 0.765104 0.81713 0.763281 0.815741 0.759635 0.824537 0.757031 0.820833
