0 0.472737 0.375921 0.472737 0.369779 0.476009 0.359337 0.494002 0.366708 0.495365 0.37285 0.49482 0.378993 0.492639 0.385749
0 0.895038 0.486486 0.901854 0.458845 0.906761 0.452088 0.919847 0.498771 0.913577 0.505528
0 0.540349 0.155405 0.541712 0.144349 0.542257 0.132064 0.543621 0.132064 0.544438 0.14312 0.543621 0.153563
0 0.486369 0.220516 0.486369 0.214373 0.490458 0.209459 0.497546 0.209459 0.499455 0.216216 0.491276 0.222359
0 0.54771 0.153563 0.548528 0.14312 0.549073 0.135135 0.549891 0.135135 0.550709 0.141278 0.549891 0.155405
0 0.938386 0.228501 0.94193 0.209459 0.944656 0.211302 0.946838 0.213145 0.943293 0.232801
0 0.807252 0.206388 0.809433 0.197174 0.816249 0.197174 0.815703 0.203317
0 0.683206 0.181818 0.683206 0.172604 0.685932 0.172604 0.685932 0.181818
0 0.58506 0.155405 0.586423 0.149263 0.590513 0.149263 0.587786 0.155405
0 0.536805 0.187961 0.536805 0.178747 0.540894 0.178747 0.549073 0.176904 0.549073 0.187961 0.540894 0.187961
0 0.605234 0.234644 0.609324 0.231572 0.619684 0.239558 0.613413 0.242629
0 0.919029 0.219287 0.920393 0.213145 0.926118 0.213145 0.928026 0.208231 0.936478 0.208231 0.938386 0.214373 0.936478 0.220516 0.930752 0.226658 0.9253 0.22543 0.921756 0.222359
0 0.694111 0.226658 0.700382 0.223587 0.70229 0.228501 0.699564 0.234644 0.696292 0.236486 0.695474 0.232801
0 0.642312 0.191032 0.643675 0.186118 0.645038 0.189803 0.643675 0.194103
0 0.803162 0.34828 0.808615 0.342138 0.811341 0.340295 0.816249 0.346437 0.81843 0.354423 0.81434 0.362408 0.809433 0.365479 0.806707 0.359337
0 0.654035 0.194103 0.655398 0.191032 0.652126 0.187961 0.646401 0.186118 0.6494 0.194103
0 0.938386 0.27027 0.945474 0.269042 0.943839 0.261057 0.941112 0.261057
0 0.930207 0.264128 0.936478 0.272113 0.943839 0.25 0.944656 0.242629 0.941112 0.239558 0.936478 0.246929
0 0.650763 0.428747 0.647219 0.412162 0.651309 0.394963 0.656216 0.388821 0.662486 0.39312 0.664395 0.398034 0.663032 0.413391
