0 0.504907 0.783784 0.505725 0.77457 0.500818 0.761671 0.507088 0.746314 0.513904 0.755528 0.518266 0.752457 0.518266 0.760442 0.516085 0.770885 0.509815 0.783784
0 0.442203 0.413391 0.444929 0.418305 0.447655 0.413391 0.449019 0.412162 0.449019 0.39312 0.445747 0.390049 0.443566 0.390049 0.441658 0.394963
0 0.176663 0.555283 0.174482 0.545455 0.174482 0.535012 0.180752 0.515971 0.184842 0.512899 0.191658 0.525184 0.196565 0.525184 0.195747 0.538084 0.188386 0.550369
0 0.482279 0.0558968 0.480916 0.041769 0.496728 0.036855 0.501636 0.046683 0.497546 0.0540541
0 0.411123 0.0497543 0.416031 0.0497543 0.412486 0 0.408397 0
0 0.152399 0.0399263 0.152944 0.036855 0.151036 0.0276413 0.137132 0.0307125 0.133043 0.0399263 0.133043 0.0448403 0.139858 0.0479115
0 0.288986 0.0589681 0.290349 0.0601966 0.295256 0.0601966 0.296619 0.0528256 0.295256 0.0436118 0.291167 0.0356265 0.288986 0.0356265 0.287623 0.0448403
0 0.137132 0.305897 0.141221 0.278256 0.150218 0.273342 0.150218 0.299754
0 0.249727 0.281327 0.251636 0.27027 0.261996 0.272113 0.259269 0.282555
0 0.336696 0.197174 0.339422 0.187961 0.348419 0.189803 0.347056 0.199017
0 0.380862 0.222359 0.383588 0.213145 0.375954 0.203317 0.37241 0.213145
