0 0.0785169 0.0976658 0.0763359 0.0884521 0.0749727 0.0792383 0.0763359 0.0773956 0.07988 0.0853808 0.0820611 0.0964373
0 0.237186 0.125921 0.23855 0.121007 0.251091 0.121007 0.247546 0.12715
0 0.287623 0.116708 0.282715 0.113022 0.282715 0.10688 0.289804 0.105651 0.291712 0.113022
0 0.390403 0.0712531 0.396129 0.0712531 0.396129 0.0743243 0.390403 0.0773956
0 0.308342 0.0853808 0.306161 0.0681818 0.30916 0.0681818 0.311887 0.0866093
0 0.182661 0.0915233 0.189749 0.0902948 0.189749 0.0964373 0.183479 0.0976658
0 0.321429 0.163391 0.322246 0.156634 0.329062 0.156634 0.327699 0.166462
0 0.412486 0.149263 0.42012 0.144349 0.418212 0.135135 0.411941 0.141278
0 0.315976 0.105651 0.317884 0.0884521 0.324155 0.0915233 0.322246 0.103808
0 0.328244 0.0823096 0.327699 0.0651106 0.331788 0.0651106 0.332606 0.0823096
0 0.4512 0.0933661 0.452563 0.0823096 0.45747 0.0835381 0.455289 0.0902948
0 0.40976 0.0761671 0.415213 0.0743243 0.416031 0.0804668 0.410578 0.0804668
0 0.337241 0.0884521 0.343511 0.0853808 0.342966 0.0773956 0.336696 0.0823096
0 0.42012 0.0730958 0.425573 0.0730958 0.425027 0.0792383 0.419575 0.0804668
