0 0.615594 0.194103 0.620229 0.209459 0.600327 0.237715 0.583697 0.251843 0.580971 0.243857 0.597601 0.223587 0.600872 0.211302
0 0.538168 0.305897 0.532715 0.331081 0.513904 0.310811 0.509269 0.30774 0.504907 0.289312 0.501636 0.287469 0.502181 0.272113 0.507088 0.278256 0.519629 0.278256 0.522901 0.289312
0 0.418757 0.220516 0.425027 0.2457 0.449019 0.216216 0.453381 0.200246 0.460196 0.189803 0.468375 0.184889 0.471101 0.176904 0.469193 0.16769 0.46783 0.159705 0.453926 0.178747 0.439477 0.186118
0 0.552617 0.0730958 0.562432 0.0681818 0.569793 0.125921 0.560251 0.135135
0 0.541712 0.0902948 0.547165 0.108722 0.522356 0.130221 0.509269 0.135135 0.508451 0.124079
0 0.523719 0.206388 0.523719 0.155405 0.496183 0.132064 0.485823 0.14742 0.483642 0.186118 0.498092 0.213145
0 0.458833 0.117936 0.450654 0.12285 0.435387 0.0792383 0.431298 0.0558968 0.435387 0.0479115
0 0.452563 0.152334 0.458833 0.128993 0.485005 0.156634 0.485005 0.181818
0 0.460196 0.0620393 0.497546 0.128993 0.490458 0.140049 0.456107 0.0712531
0 0.519629 0.0589681 0.530534 0.0835381 0.515267 0.113022 0.504907 0.138206 0.499455 0.135135 0.507088 0.0945946
0 0.667939 0.200246 0.665213 0.232801 0.683206 0.217445 0.676936 0.202088
