0 0.927344 1 0.934896 0.991204 0.938542 1
0 0.711458 0.385185 0.711979 0.356944 0.715625 0.348148 0.727344 0.349537 0.72526 0.362963 0.723177 0.385185
0 0.633333 0.398611 0.632031 0.392593 0.640885 0.389815 0.640365 0.396296
0 0.664583 0.383796 0.665885 0.380093 0.663802 0.379167 0.6625 0.381481
0 0.767188 0.674537 0.76875 0.666204 0.779687 0.668519 0.780469 0.677315 0.777604 0.684259
0 0.908854 0.336111 0.930729 0.350926 0.928906 0.364352 0.919792 0.365278 0.906771 0.35463
0 0.976302 0.75463 0.98125 0.749537 0.985938 0.768056 0.980469 0.77037
0 0.864583 0.824537 0.875 0.838889 0.875521 0.836574 0.867448 0.820833
0 0.597135 0.752315 0.6 0.752315 0.601302 0.746296 0.597135 0.743981 0.596354 0.747685
0 0.874219 0.3125 0.876823 0.3125 0.878125 0.307407 0.87474 0.305093 0.872656 0.307407
0 0.61224 0.323611 0.614323 0.319907 0.616927 0.322222 0.616927 0.325926 0.614323 0.326852
0 0.874219 0.32963 0.875521 0.339352 0.876823 0.339352 0.879687 0.337963 0.878125 0.328241 0.876042 0.328241
