0 0.204198 0.316953 0.205562 0.309582 0.209106 0.309582 0.21374 0.318796 0.226281 0.32801 0.238004 0.35258 0.233915 0.359337 0.229553 0.365479 0.215921 0.351351
0 0.505725 0.668305 0.503544 0.659091 0.505725 0.649877 0.510632 0.649877 0.512541 0.65602 0.511178 0.667076
0 0.774809 0.320025 0.775627 0.301597 0.801799 0.321867 0.800436 0.335995
0 0.276718 0.749386 0.28217 0.732187 0.307797 0.764742 0.302072 0.786855
0 0.264177 0.822482 0.263359 0.813268 0.268266 0.807125 0.27181 0.79914 0.301527 0.780713 0.304253 0.792998 0.304253 0.79914 0.304253 0.804054 0.273173 0.824324 0.269629 0.822482
0 0.904035 0.12715 0.913032 0.108722 0.919847 0.10688 0.923937 0.121007 0.932116 0.128993 0.932116 0.152334 0.929389 0.155405 0.918484 0.150491 0.916303 0.141278
0 0.157306 0.936118 0.155943 0.945332 0.157852 0.945332 0.161396 0.94226 0.161941 0.934275 0.160033 0.934275
0 0.149673 0.872236 0.142039 0.906634 0.147492 0.909705 0.153762 0.883292
0 0.173664 0.969902 0.172301 0.945332 0.195747 0.926904 0.195747 0.950246
0 0.168212 0.976658 0.175845 0.995086 0.195202 0.962531 0.191112 0.957617 0.173664 0.970516
0 0.178571 0.907862 0.178026 0.90172 0.180752 0.893735 0.183479 0.887592 0.185387 0.887592 0.205562 0.898649 0.206925 0.907862 0.205562 0.915848 0.199291 0.925061
0 0.147492 0.866093 0.149673 0.858108 0.151581 0.850737 0.156489 0.848894 0.161396 0.847666 0.171756 0.875307 0.180752 0.915848 0.176663 0.92199 0.160033 0.895577
0 0.183479 0.847666 0.169029 0.872236 0.169029 0.886364 0.172301 0.889435 0.192475 0.87715 0.193839 0.864251 0.194384 0.855037 0.192475 0.848894 0.188931 0.847666
