0 0.273422 0.997697 0.274901 0.982237 0.299556 0.988816 0.29216 0.998684
0 0.436391 0.960197 0.440335 0.94375 0.447732 0.945066 0.451183 0.949342 0.441321 0.961513
0 0.317061 0.822039 0.327663 0.804605 0.335799 0.804605 0.326923 0.824342
0 0.084073 0.923026 0.0890039 0.916447 0.0981262 0.923026 0.0946746 0.927303
0 0.121055 0.876974 0.122781 0.870395 0.135848 0.865789 0.136588 0.873684
0 0.603304 0.836184 0.6107 0.829605 0.60429 0.81875 0.595907 0.823026
0 0.497288 0.782566 0.496302 0.777961 0.502959 0.774671 0.504684 0.780263
0 0.438856 0.706908 0.435404 0.701316 0.441321 0.694737 0.447732 0.699013
0 0.310404 0.716776 0.31854 0.720066 0.320266 0.711184 0.315335 0.711184
0 0.600838 0.675987 0.60503 0.666118 0.620562 0.673684 0.614892 0.686842
0 0.333333 0.526645 0.325937 0.516776 0.336785 0.510197 0.348126 0.516776 0.348126 0.523355
0 0.417406 0.372039 0.406558 0.364145 0.408284 0.359868 0.417406 0.357566 0.429734 0.363158
0 0.461785 0.584868 0.461785 0.577303 0.469921 0.575987 0.470907 0.584868
0 0.550789 0.560855 0.549063 0.554276 0.553254 0.550987 0.557199 0.557566
0 0.552268 0.599013 0.557199 0.601316 0.553994 0.611184 0.547337 0.615789 0.546598 0.615789 0.546598 0.607895
0 0.450197 0.525658 0.442061 0.520066 0.449458 0.5125 0.461045 0.515789
0 0.455128 0.482895 0.455128 0.476316 0.471647 0.469737 0.474852 0.475
0 0.391026 0.354276 0.391765 0.342434 0.395957 0.341118 0.397682 0.352303
0 0.272436 0.681579 0.274162 0.669408 0.277367 0.669408 0.282298 0.675 0.279832 0.681579
0 0.303008 0.647368 0.310404 0.636513 0.305473 0.633224 0.298817 0.644079
0 0.374507 0.471711 0.368836 0.458553 0.373767 0.454276 0.383629 0.470724
0 0.305473 0.480592 0.310404 0.470724 0.317801 0.473026 0.31287 0.483882
0 0.319527 0.461842 0.314596 0.464145 0.320266 0.474013 0.324458 0.470724
0 0.559665 0.49375 0.561391 0.486184 0.575444 0.488158 0.574458 0.497039
0 0.31854 0.650658 0.315335 0.642105 0.333333 0.634211 0.335799 0.638816
0 0.233728 0.354276 0.232988 0.349013 0.246055 0.347697 0.247781 0.353289
