0 0.0658284 0.761513 0.0608974 0.753947 0.0756903 0.743092 0.0823471 0.753947
0 0.232249 0.791118 0.237919 0.767105 0.254438 0.769408 0.248521 0.796711
0 0.884862 0.0348684 0.879191 0.0207237 0.889053 0.0164474 0.897929 0.0305921
0 0.996795 0.296053 0.991864 0.301645 0.986193 0.294079 0.997535 0.284211
0 0.870069 0.269737 0.882396 0.252303 0.890533 0.258882 0.879931 0.277632
0 0.953156 0.374013 0.959813 0.346711 0.943294 0.330263 0.935158 0.33125 0.937623 0.341118 0.934172 0.347697 0.927761 0.347697 0.925049 0.352303 0.933432 0.362171
0 0.491371 0.334539 0.479043 0.318092 0.498028 0.303947 0.508629 0.314803
0 0.496302 0.500329 0.506164 0.482895 0.520957 0.490461 0.516026 0.510197
0 0.602564 0.494737 0.612426 0.515789 0.617357 0.511513 0.6107 0.489474
0 0.624753 0.345724 0.622288 0.340132 0.633876 0.330263 0.639546 0.337829
0 0.606755 0.245724 0.6107 0.251316 0.600099 0.263158 0.597633 0.259868
0 0.570513 0.259868 0.571252 0.251316 0.581114 0.249013 0.580375 0.261184
0 0.595168 0.708882 0.600838 0.710197 0.597633 0.725329 0.591716 0.724342
0 0.452663 0.688158 0.452663 0.678289 0.434665 0.683553 0.43713 0.693421
0 0.350592 0.695724 0.355523 0.689145 0.33999 0.679276 0.336785 0.684868
0 0.384369 0.546382 0.380424 0.538816 0.385355 0.53125 0.391765 0.53125 0.393491 0.541118
0 0.11859 0.626645 0.116124 0.616776 0.122781 0.613487 0.127712 0.624342
0 0.107988 0.433553 0.114398 0.426974 0.101331 0.419079 0.0964004 0.426974
0 0.210059 0.526645 0.21573 0.523355 0.2214 0.532237 0.21499 0.537829
0 0.29216 0.369737 0.294625 0.365461 0.284024 0.354276 0.283284 0.356579
0 0.302022 0.339145 0.302022 0.329276 0.29142 0.332566 0.29142 0.343421
0 0.199211 0.382895 0.199951 0.375329 0.206607 0.375329 0.205868 0.386184
0 0.247781 0.326974 0.247041 0.317105 0.258383 0.317105 0.261834 0.319408 0.255917 0.322697 0.255917 0.329276
0 0.0756903 0.26875 0.0749507 0.257895 0.0823471 0.256579 0.0830868 0.269737
0 0.0404339 0.258882 0.0411736 0.248026 0.0478304 0.246711 0.0502959 0.261184
0 0.357988 0.362171 0.36144 0.352303 0.368836 0.350987 0.368836 0.363158
