0 0.83275 0.0996667 0.84825 0.09 0.86975 0.0843333 0.887 0.0853333 0.891 0.093 0.8805 0.0996667 0.84925 0.107333 0.8375 0.107333
0 0.91325 0.290667 0.9125 0.282 0.933 0.27 0.9405 0.275333
0 0.87875 0.137 0.887 0.117333 0.868 0.108667 0.8425 0.111667 0.8385 0.110667 0.836 0.116333 0.84275 0.125
0 0.39575 0.201667 0.39725 0.185333 0.41625 0.186333 0.42125 0.196333 0.41375 0.204
0 0.75275 0.309333 0.7595 0.304 0.766 0.300667 0.77925 0.318 0.7735 0.330333 0.76525 0.326
0 0.6655 0.190667 0.66725 0.183 0.663 0.173333 0.63925 0.177667 0.63025 0.181 0.63175 0.193 0.63925 0.194
0 0.42275 0.727667 0.43175 0.736333 0.44825 0.734333 0.44425 0.739667 0.44675 0.745333 0.45575 0.750667 0.45975 0.744 0.46225 0.716667 0.45975 0.705667 0.4525 0.708 0.44 0.698 0.422 0.702333
0 0.4055 0.690333 0.4055 0.684667 0.41875 0.650667 0.4295 0.644333 0.44425 0.648667 0.441 0.673667 0.42525 0.665 0.4195 0.694667 0.41375 0.698
0 0.738 0.222667 0.7455 0.181 0.75275 0.17 0.75625 0.169 0.7595 0.186333 0.75125 0.221667 0.74625 0.227
0 0.534 0.736333 0.5315 0.722 0.56425 0.708 0.57 0.722 0.55025 0.733
0 0.7965 0.495 0.79325 0.472 0.82525 0.465333 0.8295 0.472 0.83025 0.491667
0 0.706 0.171 0.69925 0.164333 0.6985 0.158 0.715 0.152333 0.7215 0.158 0.7165 0.166667
0 0.97425 0.353333 0.98175 0.353333 0.985 0.349 0.98575 0.343333 0.976 0.339 0.9775 0.345667
0 0.7825 0.390667 0.784 0.385 0.76425 0.377333 0.76025 0.380667
0 0.971 0.548667 0.9635 0.548667 0.957 0.543333 0.9545 0.537667 0.952 0.53 0.95525 0.518 0.9595 0.509 0.96425 0.513667 0.96025 0.522333 0.9595 0.529 0.96275 0.537667
0 0.826 0.413667 0.81625 0.403667 0.8295 0.397333 0.826 0.405
0 0.1865 0.825333 0.18175 0.833 0.1865 0.839667 0.1915 0.833 0.1915 0.827333
0 0.63675 0.386333 0.63425 0.376333 0.659 0.364333 0.66225 0.366333 0.663 0.374
0 0.20375 0.841667 0.2005 0.835333 0.2105 0.826333 0.2145 0.827333 0.212 0.836333
0 0.7545 0.496 0.757 0.492667 0.761 0.495 0.76675 0.522333 0.766 0.535667 0.76025 0.536667 0.75625 0.523333
0 0.5315 0.702333 0.51325 0.723333 0.49775 0.726667 0.49275 0.718667 0.492 0.699 0.48275 0.695667 0.48375 0.689333 0.48875 0.684667 0.49275 0.671667 0.501 0.672667 0.5125 0.669333 0.52325 0.676 0.52 0.688
0 0.38175 0.647333 0.39225 0.649667 0.398 0.638667 0.394 0.63 0.3875 0.634333
0 0.64325 0.355333 0.66075 0.358667 0.673 0.358667 0.67375 0.351 0.66475 0.345667 0.6515 0.35
0 0.6055 0.353333 0.5915 0.363333 0.594 0.372 0.6095 0.367667 0.61875 0.366333 0.61375 0.357667
0 0.5545 0.425667 0.543 0.434667 0.54225 0.462 0.5545 0.461 0.56775 0.445333
0 0.59225 0.378667 0.58575 0.375333 0.58 0.385 0.58175 0.398333 0.59975 0.396 0.62125 0.383 0.6295 0.377333 0.63275 0.367667 0.64175 0.356667 0.64325 0.347667 0.6235 0.341333 0.6055 0.352333 0.6155 0.363333
0 0.51425 0.401667 0.524 0.396 0.5265 0.405 0.519 0.406
0 0.51175 0.439 0.5085 0.435667 0.50425 0.424667 0.5075 0.419 0.51 0.419 0.51325 0.421333 0.52 0.432333 0.51575 0.439
0 0.49775 0.501333 0.49275 0.503667 0.48275 0.519 0.48775 0.526667 0.5035 0.514667
0 0.67375 0.380667 0.68125 0.366333 0.6655 0.361 0.6615 0.365333 0.663 0.372
0 0.52725 0.470667 0.53225 0.456333 0.54725 0.469667 0.54125 0.480667
0 0.6375 0.462 0.65325 0.451 0.65825 0.451 0.6665 0.446667 0.668 0.448667 0.66075 0.457667 0.65975 0.464 0.645 0.474 0.641 0.470667
0 0.63525 0.427 0.63925 0.417 0.62775 0.406 0.62275 0.399333 0.61625 0.398333 0.612 0.401667 0.61625 0.408333 0.622 0.413667
0 0.61775 0.457667 0.6145 0.451 0.60225 0.453333 0.60625 0.469667 0.6105 0.474 0.6145 0.476333 0.61625 0.478333 0.63175 0.474 0.627 0.457667
0 0.6515 0.429 0.65725 0.413667 0.6665 0.416 0.65975 0.432333 0.65575 0.427
0 0.61475 0.431333 0.6245 0.422333 0.608 0.396 0.60225 0.389667 0.59975 0.392667 0.6 0.405
0 0.63675 0.476333 0.6385 0.472 0.6385 0.468667 0.6375 0.463 0.6335 0.462 0.6285 0.466333 0.631 0.474
0 0.6425 0.405 0.641 0.391667 0.631 0.384 0.6195 0.383 0.6195 0.400333 0.63275 0.411333
0 0.6895 0.414667 0.69275 0.408333 0.69675 0.407 0.6985 0.410333 0.71325 0.418 0.71 0.423667 0.701 0.421333 0.70175 0.424667 0.69925 0.429 0.68775 0.432333 0.68125 0.434667 0.6755 0.417
0 0.64425 0.390667 0.6475 0.379667 0.65325 0.384 0.655 0.389667 0.64925 0.395
0 0.5735 0.436667 0.5685 0.436667 0.566 0.448667 0.57175 0.457667 0.5825 0.456333 0.59475 0.467333 0.5965 0.453333 0.59475 0.436667 0.5875 0.435667 0.58175 0.428 0.575 0.421333 0.56675 0.427
0 0.538 0.521333 0.54225 0.526667 0.552 0.519 0.5405 0.501333 0.53475 0.508
0 0.63425 0.441 0.6245 0.442333 0.58825 0.420333 0.584 0.427 0.6005 0.441 0.62525 0.453333 0.64575 0.455333 0.64925 0.451
0 0.70275 0.437667 0.69775 0.444333 0.682 0.472 0.68275 0.479667 0.69775 0.487333 0.705 0.485 0.7175 0.454333 0.72075 0.447667
0 0.6755 0.437667 0.66225 0.433333 0.65 0.436667 0.64675 0.445333 0.6705 0.453333
0 0.669 0.469667 0.67225 0.461 0.668 0.456333 0.6615 0.462 0.66075 0.469667
0 0.6565 0.487333 0.66975 0.474 0.67375 0.482667 0.66075 0.496
0 0.6655 0.552 0.67375 0.547667 0.67625 0.538667 0.6755 0.53 0.668 0.525667 0.65975 0.527667 0.655 0.533333 0.654 0.543333 0.659 0.549667
0 0.67625 0.497 0.6845 0.482667 0.67475 0.480667 0.66725 0.490667
0 0.56525 0.376333 0.57 0.368667 0.57925 0.364333 0.57825 0.375333
0 0.66725 0.517 0.68125 0.513667 0.687 0.495 0.68125 0.495 0.67475 0.506 0.66725 0.509
0 0.74875 0.501333 0.789 0.503667 0.79325 0.490667 0.784 0.478333 0.75775 0.480667 0.75025 0.478333 0.73975 0.463 0.7315 0.443333 0.72475 0.444333 0.7215 0.458667
0 0.69675 0.506 0.6935 0.495 0.7075 0.495 0.71075 0.487333 0.72 0.492667 0.7225 0.489333 0.73975 0.496 0.7315 0.502667 0.7215 0.500333 0.7175 0.506 0.71075 0.503667
0 0.73975 0.405 0.75025 0.419 0.75125 0.429 0.75775 0.442333 0.76425 0.454333 0.75625 0.455333 0.75275 0.463 0.74225 0.458667 0.7455 0.448667 0.73975 0.423667 0.74125 0.414667
0 0.612 0.575 0.63025 0.560667 0.63925 0.558667 0.64 0.567333 0.626 0.581667 0.613 0.581667
0 0.62125 0.621 0.6145 0.605667 0.613 0.581667 0.61375 0.575 0.62125 0.570667 0.626 0.581667 0.6335 0.592667 0.636 0.605667 0.62525 0.613333
0 0.53475 0.481667 0.52575 0.484 0.51575 0.496 0.501 0.502667 0.5035 0.513667 0.51075 0.512333 0.519 0.508 0.53225 0.498333 0.54125 0.495 0.53975 0.489333
0 0.48525 0.551 0.48625 0.546333 0.49275 0.543333 0.51175 0.562 0.519 0.571667 0.51825 0.576 0.50275 0.566333
0 0.51075 0.538667 0.51325 0.541 0.547 0.490667 0.55525 0.478333 0.55125 0.476333
0 0.56675 0.54 0.5735 0.546333 0.584 0.537667 0.58 0.534333 0.58075 0.534333 0.5825 0.527667 0.585 0.527667 0.58975 0.525667 0.5915 0.519 0.58825 0.507 0.59225 0.506 0.594 0.503667 0.59075 0.492667 0.575 0.491667 0.5685 0.497 0.56675 0.501333 0.5685 0.507 0.56525 0.511333 0.56275 0.522333 0.56525 0.529
0 0.56025 0.479667 0.56425 0.485 0.562 0.508 0.55525 0.507 0.55025 0.509 0.552 0.496 0.55125 0.488333
0 0.5215 0.579333 0.51825 0.592667 0.52975 0.62 0.55375 0.635333 0.57 0.635333 0.58075 0.63 0.5865 0.612333 0.5915 0.585 0.57675 0.592667 0.58 0.568333 0.53475 0.567333
0 0.654 0.586 0.66225 0.580667 0.6655 0.569667 0.67475 0.558667 0.68625 0.556333 0.70175 0.560667 0.729 0.560667 0.77175 0.559667 0.77825 0.558667 0.7865 0.560667 0.799 0.560667 0.808 0.568333 0.81625 0.581667 0.8235 0.593667 0.8375 0.604667 0.86075 0.612333 0.87375 0.613333 0.88375 0.611333 0.891 0.600333 0.891 0.587 0.88775 0.577333 0.88375 0.565 0.863 0.549667 0.8375 0.552 0.82275 0.553 0.80475 0.557333 0.79325 0.552 0.784 0.551 0.77675 0.544333 0.7725 0.547667 0.7775 0.551 0.761 0.552 0.74375 0.555333 0.719 0.554333 0.70175 0.554333 0.68875 0.551 0.67475 0.555333 0.66475 0.565 0.65725 0.579333 0.64 0.579333 0.61875 0.583667 0.60725 0.593667 0.603 0.605667 0.6055 0.634333 0.612 0.648667 0.6235 0.660667 0.63275 0.664 0.64175 0.659667 0.64925 0.652 0.6665 0.643 0.68375 0.644333 0.69775 0.652 0.7085 0.652 0.72575 0.659667 0.7595 0.653 0.78175 0.657333 0.79225 0.652 0.79075 0.639667 0.80625 0.625667 0.8235 0.616667 0.8335 0.614667 0.855 0.618 0.87475 0.626667 0.891 0.628667 0.9075 0.634333 0.929 0.637667 0.93975 0.634333 0.95275 0.632 0.962 0.622333 0.96675 0.609 0.96275 0.585 0.96025 0.581667 0.95525 0.582667 0.9595 0.598 0.9595 0.609 0.9545 0.619 0.948 0.625667 0.934 0.63 0.9075 0.627667 0.88275 0.622333 0.86725 0.619 0.85725 0.613333 0.84325 0.61 0.827 0.608 0.8095 0.619 0.79575 0.627667 0.7875 0.633333 0.784 0.650667 0.776 0.653 0.76525 0.649667 0.74625 0.650667 0.7305 0.653 0.71425 0.647333 0.701 0.645333 0.68775 0.639667 0.6705 0.637667 0.659 0.639667 0.64425 0.648667 0.63425 0.657333 0.626 0.655 0.6155 0.643 0.613 0.633333 0.60875 0.622333 0.60875 0.611333 0.6095 0.598 0.627 0.586 0.64 0.587
0 0.561 0.465333 0.5735 0.461 0.5965 0.469667 0.6245 0.481667 0.63425 0.480667 0.641 0.487333 0.6375 0.503667 0.6235 0.515667 0.60625 0.509 0.60225 0.497 0.58975 0.491667 0.5825 0.486 0.57425 0.490667 0.5685 0.490667 0.5725 0.478333 0.566 0.474
0 0.60375 0.857 0.6155 0.851667 0.61125 0.840667 0.6055 0.841667
