0 0.291 0.102 0.3035 0.110667 0.305 0.115 0.30025 0.119333 0.291 0.109667
0 0.36275 0.135 0.3735 0.133667 0.39225 0.141333 0.394 0.151333 0.389 0.155667 0.36925 0.143667
0 0.52075 0.226 0.51825 0.209333 0.529 0.206333 0.54125 0.194 0.54625 0.193 0.55025 0.201667 0.55125 0.208333 0.54475 0.216 0.5315 0.223667
0 0.52325 0.302667 0.5265 0.275333 0.53225 0.274333 0.53875 0.267667 0.5445 0.265333 0.55275 0.272 0.55625 0.271 0.56025 0.279667 0.55275 0.289667 0.5455 0.299667 0.548 0.306 0.538 0.310333 0.53475 0.301667 0.52825 0.307333
0 0.338 0.365333 0.35525 0.331333 0.3735 0.346667 0.35625 0.383
0 0.4945 0.27 0.4895 0.275333 0.4805 0.268667 0.48375 0.26 0.4935 0.248 0.49675 0.251333 0.49675 0.257667 0.50025 0.261 0.50275 0.272 0.49675 0.281 0.4945 0.278667
0 0.59325 0.284 0.6015 0.290667 0.60225 0.299667 0.598 0.307333 0.5875 0.312667 0.58075 0.307333 0.58 0.296333 0.584 0.286333
0 0.496 0.381667 0.49775 0.373 0.5035 0.365333 0.51075 0.371 0.51 0.378667 0.50675 0.384 0.50175 0.385
0 0.58825 0.469667 0.58175 0.45 0.5875 0.448667 0.58975 0.439 0.59575 0.436667 0.6105 0.443333 0.6155 0.432333 0.63675 0.434667 0.64425 0.442333 0.64325 0.451 0.64925 0.454333 0.65 0.459667 0.63525 0.468667 0.63025 0.468667 0.63175 0.477333 0.62775 0.487333 0.617 0.496 0.61125 0.496 0.594 0.478333 0.594 0.473
0 0.687 0.451 0.69675 0.452 0.70275 0.463 0.68875 0.478333 0.6755 0.472 0.67475 0.452
0 0.67375 0.631 0.69675 0.599333 0.71325 0.587 0.7175 0.590333 0.71075 0.605667 0.71175 0.614667 0.69025 0.645333 0.68125 0.641
0 0.496 0.715667 0.505 0.716667 0.51 0.729667 0.52325 0.739667 0.52975 0.735333 0.538 0.736333 0.548 0.744 0.56775 0.781333 0.57 0.807667 0.56425 0.823 0.55025 0.832 0.53875 0.829667 0.529 0.815333 0.515 0.769333 0.51825 0.756 0.50275 0.745333 0.50025 0.729667
0 0.4845 0.847333 0.5075 0.879 0.5315 0.875667 0.53625 0.866 0.52975 0.860333 0.51575 0.863667 0.496 0.845 0.48875 0.841667 0.4845 0.841667
0 0.46475 0.684667 0.487 0.697 0.496 0.673667 0.49275 0.643 0.482 0.634333 0.45975 0.663 0.469 0.671667
0 0.491 0.601333 0.4795 0.63 0.49275 0.639667 0.50275 0.609
0 0.28375 0.812 0.28775 0.819667 0.29275 0.816667 0.30175 0.760667 0.29775 0.758333
0 0.2665 0.721 0.268 0.714333 0.27475 0.715667 0.27125 0.721 0.278 0.734333 0.2845 0.732 0.2845 0.713333 0.27475 0.706667 0.27475 0.695667 0.269 0.699 0.268 0.687 0.27475 0.684667 0.2705 0.677 0.2615 0.677 0.25575 0.679333 0.25425 0.691333 0.2475 0.7 0.25325 0.72 0.2615 0.718667
0 0.12075 0.725333 0.12 0.715667 0.1175 0.698 0.1175 0.689333 0.1265 0.661667 0.1455 0.624333 0.1445 0.621 0.1405 0.619 0.1225 0.657333 0.1125 0.681667 0.11075 0.698 0.11425 0.723333
