0 0.17825 0.217333 0.1735 0.207333 0.1865 0.199667 0.19475 0.210667 0.1875 0.218333
0 0.35025 0.316 0.35625 0.324667 0.362 0.326 0.36675 0.321333 0.361 0.304 0.35375 0.305
0 0.65575 0.434667 0.66725 0.457667 0.6515 0.484 0.64175 0.454333
0 0.59075 0.390667 0.55025 0.363333 0.53475 0.388333 0.5495 0.410333 0.5725 0.424667
0 0.4375 0.441 0.45 0.455333 0.49025 0.454333 0.492 0.44 0.44175 0.436667
0 0.371 0.391667 0.37175 0.409333 0.403 0.434667 0.4155 0.436667 0.417 0.420333 0.38075 0.391667
0 0.3315 0.443333 0.32325 0.479667 0.3225 0.492667 0.32725 0.493667 0.3355 0.481667 0.34125 0.443333
0 0.38 0.462 0.39475 0.442333 0.39725 0.43 0.38975 0.424667 0.3825 0.425667 0.362 0.451 0.362 0.465333 0.37175 0.469667
0 0.43275 0.384 0.41625 0.386333 0.40875 0.390667 0.4005 0.389667 0.394 0.388333 0.38825 0.395 0.37425 0.401667 0.37675 0.416 0.3875 0.424667 0.3965 0.417 0.39975 0.409333 0.413 0.417 0.4245 0.419 0.43425 0.402667 0.431 0.396
0 0.26075 0.475 0.2615 0.466333 0.26975 0.462 0.27625 0.470667 0.269 0.478333
0 0.664 0.783667 0.668 0.755 0.678 0.755 0.68525 0.758333 0.69775 0.769333 0.6895 0.8 0.678 0.792333 0.67475 0.795667
0 0.73875 0.782333 0.743 0.805667 0.7315 0.813333 0.70925 0.799 0.70675 0.787 0.71575 0.778
0 0.52325 0.732 0.538 0.753 0.55125 0.748333 0.54375 0.714333 0.5315 0.702333 0.52075 0.706667
0 0.51175 0.671667 0.5075 0.676 0.491 0.714333 0.482 0.723333 0.48275 0.732 0.4935 0.745333 0.5035 0.729667 0.524 0.683667 0.52325 0.681667 0.5215 0.679333
0 0.49675 0.642 0.49675 0.634333 0.50425 0.623333 0.538 0.668333 0.538 0.676 0.54375 0.684667 0.53975 0.694667 0.52975 0.683667 0.524 0.682667
