0 0.2895 0.587 0.28525 0.589333 0.28375 0.603667 0.2935 0.604667 0.3075 0.600333 0.3085 0.596 0.301 0.596
0 0.38975 0.209333 0.385 0.210667 0.3825 0.214 0.385 0.229333 0.39075 0.241333 0.39575 0.237
0 0.44825 0.354333 0.44425 0.358667 0.4385 0.361 0.43675 0.353333 0.44325 0.339 0.44825 0.341333 0.4515 0.338 0.45725 0.341333 0.45575 0.349 0.459 0.345667 0.463 0.347667 0.46075 0.356667 0.4565 0.355333
0 0.50675 0.394 0.50925 0.436667 0.524 0.437667 0.5215 0.401667
0 0.55775 0.324667 0.55775 0.320333 0.56025 0.316 0.57425 0.321333 0.576 0.330333 0.57 0.335667 0.566 0.334667
0 0.6335 0.330333 0.641 0.336667 0.6475 0.333667 0.6475 0.353333 0.6525 0.388333 0.636 0.403667 0.6285 0.405 0.626 0.413667 0.6145 0.421333 0.59575 0.422333 0.58325 0.421333 0.56675 0.421333 0.56275 0.418 0.50275 0.395 0.50025 0.388333 0.505 0.387333 0.50675 0.373 0.55775 0.333667 0.5875 0.335667 0.59975 0.339
0 0.6795 0.299667 0.6985 0.282 0.7035 0.285333 0.687 0.307333
0 0.645 0.281 0.65725 0.286333 0.66075 0.277667 0.6705 0.229333 0.66975 0.206333 0.6665 0.206333 0.654 0.227
0 0.66975 0.589333 0.67125 0.585 0.68125 0.585 0.6795 0.604667 0.67375 0.604667
0 0.52475 0.583667 0.5215 0.583667 0.51425 0.575 0.5265 0.566333 0.53225 0.576 0.5545 0.574 0.55025 0.585 0.548 0.591333 0.53975 0.598 0.52825 0.592667
0 0.5445 0.633333 0.53875 0.638667 0.5355 0.636333 0.53475 0.646333 0.53625 0.655 0.547 0.664 0.5635 0.667333 0.575 0.652 0.5685 0.646333 0.56275 0.653 0.55025 0.636333
