0 0.53975 0.001 0.529 0.0106667 0.5175 0.00866667 0.4985 0.00766667 0.48525 0
0 0.292 0.998667 0.2985 0.973333 0.29775 0.960333 0.3035 0.953667 0.31175 0.950333 0.31325 0.964667 0.32 0.963667 0.3225 0.972333 0.3215 0.998667
0 0.6055 0.478333 0.6015 0.465333 0.61375 0.464 0.62775 0.452 0.63425 0.45 0.6375 0.462 0.64 0.476333 0.62275 0.480667
0 0.4895 0.365333 0.4895 0.352333 0.4935 0.34 0.49925 0.35 0.515 0.356667 0.519 0.356667 0.52575 0.36 0.52725 0.357667 0.534 0.362 0.52825 0.373 0.5215 0.386333
0 0.67475 0.305 0.673 0.297333 0.6665 0.297333 0.66475 0.268667 0.6705 0.252333 0.67875 0.252333 0.6805 0.26 0.68525 0.26 0.691 0.305 0.6805 0.308333
0 0.7165 0.327 0.70675 0.341333 0.701 0.352333 0.70025 0.358667 0.7075 0.372 0.7265 0.349 0.72825 0.358667 0.73625 0.351 0.7455 0.332333 0.7495 0.321333 0.743 0.318 0.7355 0.322667 0.72975 0.335667
0 0.58575 0.543333 0.59225 0.527667 0.5965 0.524667 0.59725 0.519 0.5915 0.513667 0.58325 0.518 0.57925 0.512333 0.57175 0.515667 0.575 0.532333
0 0.469 0.476333 0.47625 0.474 0.4795 0.478333 0.49275 0.476333 0.48775 0.490667 0.47225 0.495 0.469 0.501333 0.46475 0.501333 0.4615 0.491667
0 0.70175 0.241333 0.68525 0.267667 0.69675 0.278667 0.7085 0.261 0.71075 0.245667
0 0.477 0.406 0.48775 0.422333 0.4935 0.444333 0.50175 0.451 0.52475 0.444333 0.53475 0.427 0.52 0.413667 0.5035 0.389667 0.48775 0.389667 0.4845 0.397333 0.48775 0.399333
0 0.72075 0.230333 0.7305 0.242333 0.734 0.238 0.74125 0.241333 0.743 0.248 0.73875 0.255667 0.73975 0.261 0.73725 0.271 0.72825 0.273 0.71175 0.257667 0.70925 0.248
0 0.72075 0.281 0.73975 0.279667 0.748 0.286333 0.7405 0.301667 0.75525 0.302667 0.7455 0.316 0.73225 0.324667 0.7305 0.319333 0.72 0.317 0.7175 0.313667 0.72325 0.309333 0.7165 0.307333 0.7175 0.298333 0.7215 0.298333 0.715 0.291667 0.71425 0.285333
0 0.46975 0.531 0.473 0.518 0.477 0.507 0.49275 0.511333 0.5035 0.526667 0.48625 0.538667
0 0.5315 0.580667 0.534 0.570667 0.55275 0.569667 0.56275 0.589333 0.552 0.594667 0.547 0.582667 0.53625 0.585
