0 0.27625 0.276333 0.2935 0.296333 0.30925 0.283 0.30925 0.275333 0.29525 0.274333 0.28625 0.265333
0 0.31275 0.252333 0.319 0.26 0.3085 0.262333
0 0.529 0.410333 0.52575 0.406 0.52575 0.395 0.5355 0.386333 0.5445 0.394 0.53625 0.402667
0 0.6375 0.136 0.6425 0.128333 0.65825 0.137 0.664 0.147 0.664 0.149 0.65575 0.148
0 0.56425 0.336667 0.5685 0.329 0.576 0.329 0.58175 0.352333 0.57825 0.361 0.57425 0.363333 0.56675 0.351
0 0.83175 0.846 0.8515 0.830667 0.8705 0.871333 0.84825 0.879
0 0.62125 0.785667 0.61125 0.794667 0.62025 0.807667 0.6285 0.801
0 0.48525 0.837333 0.487 0.830667 0.491 0.826333 0.4945 0.828667 0.49675 0.834 0.496 0.841667 0.492 0.847333 0.48525 0.843
0 0.58325 0.339 0.6015 0.349 0.613 0.358667 0.61125 0.365333 0.59575 0.362 0.57825 0.353333 0.57925 0.347667
0 0.75625 0.397333 0.75775 0.386333 0.76525 0.387333 0.7735 0.401667 0.766 0.407
