0 0.33975 0.161333 0.3305 0.162333 0.324 0.17 0.32325 0.175333 0.32975 0.176667 0.329 0.187667 0.33225 0.194 0.347 0.183 0.3405 0.173333
0 0.4565 0.498333 0.4525 0.485 0.478 0.469667 0.487 0.469667 0.49025 0.474 0.48525 0.487333 0.4615 0.498333
0 0.8055 0.869333 0.80875 0.844 0.82025 0.824333 0.83525 0.817667 0.84675 0.817667 0.8525 0.821 0.85825 0.830667 0.854 0.857 0.841 0.863667 0.83425 0.873667 0.8245 0.877 0.81625 0.875667
0 0.7725 0.296333 0.799 0.266667 0.8295 0.275333 0.80475 0.316
0 0.9405 0.194 0.89275 0.245667 0.88625 0.257667 0.88375 0.274333 0.88525 0.288667 0.89525 0.310333 0.90025 0.320333 0.90275 0.329 0.9085 0.336667 0.92 0.345667 0.9305 0.353333 0.9455 0.368667 0.95275 0.380667 0.9635 0.391667 0.98175 0.402667 0.98975 0.401667 0.99325 0.397333 0.999 0.395 0.999 0.367667 0.99075 0.358667 0.999 0.351 0.999 0.267667
0 0.1215 0.488333 0.133 0.479667 0.13975 0.489333 0.129 0.501333 0.11575 0.500333 0.11075 0.498333 0.10925 0.487333 0.11575 0.484
0 0.96675 0.509 0.98175 0.512333 0.98825 0.524667 0.98 0.526667 0.97 0.529 0.9585 0.527667 0.95775 0.519
0 0.966 0.441 0.97175 0.435667 0.98075 0.436667 0.98975 0.453333 0.98325 0.462 0.971 0.457667
0 0.873 0.369667 0.86975 0.364333 0.87125 0.356667 0.89375 0.356667 0.92 0.353333 0.92 0.356667 0.90675 0.371
0 0.5445 0.215 0.5545 0.218333 0.5585 0.193 0.54875 0.193
0 0.534 0.181 0.534 0.167667 0.56025 0.165667 0.5595 0.182
0 0.5825 0 0.5775 0.00866667 0.575 0.0183333 0.56775 0.0183333 0.5595 0.0326667 0.55375 0.0526667 0.5595 0.059 0.57175 0.047 0.58 0.0263333 0.5835 0.0183333 0.59725 0.013 0.59225 0
0 0.75625 0.193 0.761 0.183 0.77 0.185333 0.77425 0.189667 0.7915 0.184333 0.7965 0.186333 0.8015 0.207333 0.8055 0.217333 0.803 0.220333 0.80625 0.264333 0.7965 0.267667 0.794 0.248 0.78975 0.236 0.77675 0.214 0.7685 0.201667
0 0.775 0.18 0.77 0.174333 0.76675 0.171 0.76675 0.162333 0.766 0.154667 0.7635 0.151333 0.7585 0.151333 0.75625 0.156667 0.7545 0.167667 0.75775 0.182 0.775 0.187667
0 0.91325 0.0283333 0.88625 0.046 0.84825 0.0756667 0.82775 0.0833333 0.803 0.0646667 0.7875 0.0743333 0.7775 0.09 0.78975 0.102 0.798 0.082 0.808 0.0886667 0.80375 0.0996667 0.81375 0.105333 0.8295 0.111667 0.836 0.126 0.8475 0.130333 0.85075 0.129333 0.86975 0.117333 0.89025 0.108667 0.915 0.118333 0.92325 0.103 0.9225 0.093 0.89675 0.08 0.919 0.045 0.92825 0.0316667 0.9175 0.0326667
0 0.75775 0.0513333 0.74875 0.035 0.76025 0.0216667 0.77925 0.036 0.77825 0.0426667
0 0.729 0.0603333 0.734 0.0493333 0.74375 0.048 0.74875 0.059 0.73475 0.0646667
0 0.63675 0.068 0.61875 0.0756667 0.6155 0.0866667 0.6235 0.0833333
0 0.622 0.034 0.626 0.0723333 0.6425 0.0656667 0.64925 0.0603333 0.6475 0.057 0.654 0.057 0.65075 0.0283333 0.6385 0.0316667 0.63925 0.0263333 0.63675 0.024 0.6335 0.0283333
0 0.6015 0.0976667 0.60725 0.09 0.60875 0.0733333 0.59225 0.0723333 0.59325 0.057 0.58325 0.057 0.575 0.068 0.57 0.0756667 0.56525 0.08 0.5585 0.081 0.55125 0.0843333 0.55025 0.0886667 0.5505 0.091
0 0.73475 0.07 0.75025 0.081 0.75525 0.0743333 0.75375 0.069 0.73875 0.0613333
0 0.641 0.581667 0.63525 0.576 0.63525 0.567333 0.64425 0.567333 0.6565 0.576 0.65 0.589333
0 0.67475 0.0713333 0.687 0.057 0.68625 0.046 0.64325 0.0196667 0.63025 0.0153333 0.61775 0.034 0.64825 0.0603333 0.65575 0.059 0.66225 0.0536667 0.668 0.057 0.67125 0.0646667
0 0.454 0.740667 0.44575 0.737333 0.4475 0.723333 0.45825 0.737333
0 0.46725 0.774667 0.46975 0.760667 0.46075 0.755
0 0.12975 0.872667 0.12975 0.860333 0.14125 0.852667 0.148 0.852667 0.147 0.871333 0.14225 0.880333 0.1445 0.885667 0.15125 0.884667 0.15025 0.891 0.1405 0.899 0.13625 0.896667 0.133 0.892333 0.13625 0.877
0 0.6795 0.121667 0.6845 0.121667 0.69525 0.129333 0.71075 0.144667 0.696 0.148 0.6795 0.142667
0 0.6805 0.110667 0.682 0.119333 0.71425 0.149 0.7175 0.159 0.72575 0.161333 0.74225 0.151333 0.7455 0.141333 0.73625 0.140333 0.729 0.128333 0.7165 0.115 0.701 0.100667 0.701 0.110667 0.692 0.116333
0 0.68125 0.081 0.68875 0.0713333 0.6945 0.0766667 0.69675 0.07 0.705 0.0633333 0.7075 0.0723333 0.70425 0.0776667 0.70925 0.105333 0.68625 0.0943333
0 0.75775 0.0603333 0.7725 0.068 0.78075 0.0776667 0.77925 0.0833333 0.766 0.0776667 0.7585 0.0743333 0.7445 0.0633333 0.74875 0.0536667
0 0.7965 0.069 0.77925 0.0733333 0.77 0.0666667 0.77 0.0613333 0.775 0.058 0.78 0.059
0 0.80225 0.0546667 0.812 0.035 0.81775 0.0383333 0.831 0.057 0.81725 0.0756667
0 0.77 0.093 0.76675 0.108667 0.77825 0.118333 0.77675 0.136 0.78825 0.122667 0.81125 0.106333 0.80475 0.0986667 0.8015 0.0843333 0.7965 0.082 0.78825 0.106333
0 0.7495 0.131667 0.7735 0.125 0.77425 0.131667 0.73875 0.140333 0.73625 0.136
0 0.72075 0.0646667 0.706 0.0743333 0.7075 0.092 0.71 0.106333 0.74225 0.142667 0.7445 0.150333 0.72475 0.162333 0.7355 0.176667 0.748 0.185333 0.771 0.169 0.7735 0.152333 0.76925 0.143667 0.77825 0.135 0.77675 0.118333 0.76525 0.109667 0.76925 0.092 0.747 0.0943333 0.73475 0.0986667 0.72825 0.079
