0 0.45075 0.399333 0.44925 0.389667 0.47225 0.378667 0.47875 0.389667 0.4755 0.391667
0 0.543 0.372 0.54875 0.366333 0.55525 0.364333 0.56675 0.372 0.56525 0.376333 0.557 0.379667
0 0.859 0.366333 0.86725 0.366333 0.87225 0.374 0.88625 0.369667 0.8845 0.363333 0.8795 0.357667 0.86225 0.357667
0 0.906 0.777 0.906 0.771667 0.91075 0.771667 0.91325 0.774667 0.9125 0.780333 0.90925 0.780333
0 0.24825 0.330333 0.24575 0.326 0.255 0.318 0.25725 0.323667
0 0.61375 0.284 0.617 0.273 0.6295 0.254333 0.63675 0.265333 0.6295 0.276333 0.61875 0.285333
0 0.60375 0.408333 0.61375 0.397333 0.62125 0.403667 0.63175 0.401667 0.6375 0.410333 0.63525 0.427 0.627 0.432333 0.62125 0.422333 0.6095 0.416
0 0.668 0.262333 0.6755 0.263333 0.6795 0.266667 0.68275 0.276333 0.678 0.288667 0.66725 0.297333 0.6475 0.310333 0.65325 0.295 0.65825 0.279667 0.65325 0.276333 0.65 0.273 0.64425 0.264333 0.65 0.262333 0.65825 0.261 0.659 0.254333 0.664 0.261
0 0.62525 0.323667 0.64175 0.326 0.64925 0.323667 0.64825 0.318 0.641 0.313667 0.626 0.313667
0 0.63025 0.369667 0.63925 0.363333 0.64925 0.376333 0.641 0.379667
0 0.64175 0.355333 0.64325 0.351 0.64925 0.35 0.655 0.353333 0.66225 0.373 0.655 0.375333 0.65 0.376333
