0 0.253125 0.936719 0.276042 0.909375 0.286458 0.905469 0.339583 0.924219 0.339583 0.947656 0.358333 0.955469 0.35 0.966406 0.325 0.960938 0.307292 0.964844
0 0.553125 0.95 0.553125 0.94375 0.58125 0.944531 0.58125 0.95
0 0.376042 0.921875 0.380208 0.925781 0.36875 0.933594 0.344792 0.946094 0.339583 0.940625 0.358333 0.927344
0 0.564583 0.971875 0.560417 0.965625 0.582292 0.9625 0.583333 0.96875
0 0.332292 0.832812 0.346875 0.798438 0.3625 0.784375 0.423958 0.819531 0.420833 0.829688 0.419792 0.846875 0.409375 0.852344 0.397917 0.871094 0.394792 0.882031 0.39375 0.889062 0.386458 0.890625 0.377083 0.889844 0.383333 0.88125 0.383333 0.872656 0.377083 0.865625 0.352083 0.848437 0.35 0.835938
0 0.35 0.70625 0.346875 0.692187 0.355208 0.689063 0.377083 0.684375 0.390625 0.700781 0.384375 0.719531 0.3625 0.721875
0 0.660417 0.292969 0.626042 0.321094 0.595833 0.339844 0.564583 0.375781 0.570833 0.389062 0.617708 0.369531 0.658333 0.35 0.692708 0.324219 0.696875 0.304688 0.686458 0.299219 0.683333 0.294531 0.672917 0.291406
0 0.7125 0.605469 0.709375 0.586719 0.6875 0.542188 0.701042 0.532813 0.696875 0.516406 0.705208 0.513281 0.719792 0.53125 0.729167 0.535156 0.746875 0.577344 0.754167 0.586719 0.755208 0.597656
0 0.640625 0.414844 0.66875 0.405469 0.684375 0.4 0.683333 0.385937 0.677083 0.357812 0.660417 0.35 0.639583 0.357812 0.630208 0.375 0.629167 0.385156 0.621875 0.390625 0.622917 0.396094 0.632292 0.396094
0 0.340625 0.708594 0.292708 0.754687 0.295833 0.76875 0.276042 0.796875 0.289583 0.80625 0.310417 0.784375 0.329167 0.774219 0.371875 0.721875
0 0.516667 0.591406 0.519792 0.582812 0.53125 0.58125 0.538542 0.584375 0.539583 0.59375 0.53125 0.597656 0.520833 0.595313
0 0.608333 0.585938 0.636458 0.575781 0.636458 0.583594 0.653125 0.594531 0.660417 0.600781 0.667708 0.621875 0.684375 0.642969 0.69375 0.651563 0.69375 0.661719 0.6625 0.672656 0.651042 0.667188 0.647917 0.657031 0.642708 0.64375 0.632292 0.623437 0.614583 0.616406 0.617708 0.60625 0.61875 0.595313
0 0.404167 0.650781 0.40625 0.641406 0.727083 0.623437 0.729167 0.634375 0.4125 0.65625
