0 0.059375 0.889583 0.0796875 0.845833 0.115625 0.804167 0.1375 0.828125 0.0960938 0.885417 0.0796875 0.882292 0.065625 0.896875
0 0.207813 0.61875 0.240625 0.538542 0.252344 0.522917 0.267188 0.494792 0.283594 0.498958 0.271875 0.532292 0.273438 0.546875 0.247656 0.601042 0.225781 0.615625
0 0.424219 0.745833 0.421875 0.696875 0.475 0.683333 0.48125 0.73125
0 0.454688 0.779167 0.496875 0.772917 0.507031 0.78125 0.51875 0.797917 0.516406 0.829167 0.510938 0.857292 0.514062 0.875 0.485938 0.872917 0.466406 0.85 0.453125 0.832292
0 0.996094 0.464583 0.883594 0.495833 0.888281 0.513542 0.997656 0.480208
0 0.94375 0.422917 0.94375 0.416667 0.946875 0.4125 0.952344 0.4125 0.957031 0.416667 0.959375 0.420833 0.958594 0.429167 0.952344 0.427083 0.949219 0.427083
0 0.980469 0.0145833 0.939844 0.0916667 0.930469 0.135417 0.936719 0.147917 0.977344 0.115625 0.997656 0.0645833 0.998437 0.0114583
0 0.853125 0.56875 0.861719 0.559375 0.871094 0.558333 0.882031 0.572917 0.890625 0.572917 0.896875 0.584375 0.891406 0.590625 0.890625 0.597917 0.882031 0.601042 0.867969 0.5875 0.858594 0.584375
0 0.889062 0.745833 0.892969 0.696875 0.907031 0.68125 0.929688 0.698958 0.944531 0.721875 0.95 0.74375 0.950781 0.769792 0.946094 0.770833 0.945312 0.786458 0.95 0.796875 0.95 0.813542 0.944531 0.820833 0.939844 0.814583 0.942187 0.788542 0.933594 0.785417 0.914062 0.777083 0.911719 0.763542 0.911719 0.75
0 0.857812 0.878125 0.869531 0.841667 0.922656 0.86875 0.927344 0.89375 0.944531 0.90625 0.939844 0.915625 0.921875 0.910417 0.911719 0.920833 0.864062 0.889583
0 0.850781 0.588542 0.835938 0.644792 0.841406 0.68125 0.835156 0.70625 0.849219 0.7125 0.861719 0.6875 0.869531 0.667708 0.879687 0.604167 0.870313 0.590625 0.857812 0.588542
0 0.945312 0.858333 0.948438 0.865625 0.93125 0.890625 0.922656 0.883333 0.932031 0.865625
